Date,h0,h1,h2,h3,h4,h5,h6,h7,h8,h9,h10,h11,h12,h13,h14,h15,h16,h17,h18,h19,h20,h21,h22,h23
2015-01-04,37.51655578613281,33.722694396972656,31.79770278930664,30.119544982910156,28.298070907592773,29.241600036621094,30.61940574645996,34.893577575683594,37.73171615600586,40.919429779052734,41.923057556152344,42.89998245239258,42.7205924987793,39.07635498046875,35.66636657714844,34.53647994995117,35.92427062988281,42.25115203857422,47.89087677001953,48.63564682006836,46.107208251953125,42.365074157714844,45.01398849487305,41.22025680541992
2015-01-05,40.689212799072266,37.33470153808594,34.45245361328125,31.010202407836914,30.545454025268555,34.15401840209961,42.2132568359375,52.17243957519531,54.88811111450195,56.3051643371582,56.14931869506836,56.59442138671875,54.915679931640625,52.65631866455078,50.43885803222656,48.65411376953125,48.79342269897461,54.78435134887695,60.3490104675293,58.61394500732422,53.52273941040039,48.39044189453125,49.93571090698242,46.54085922241211
2015-01-06,41.088924407958984,37.82490539550781,34.971649169921875,31.560436248779297,30.894062042236328,34.32466125488281,42.33330535888672,52.08531951904297,54.8868408203125,56.206398010253906,55.915679931640625,56.41094970703125,54.77729797363281,52.63566970825195,50.46183395385742,48.57373809814453,48.908103942871094,55.65009307861328,61.68092727661133,59.50907516479492,53.5677490234375,47.89688491821289,49.4492301940918,46.28727722167969
2015-01-07,42.36997604370117,39.01904296875,36.24586486816406,32.908241271972656,32.14769744873047,34.78593826293945,41.30353546142578,49.67429733276367,52.38328552246094,54.030208587646484,54.209075927734375,54.71564483642578,53.29096603393555,50.74821090698242,48.31348419189453,46.689117431640625,47.02446746826172,54.050048828125,60.634220123291016,59.084938049316406,53.39901351928711,47.93635559082031,49.68545913696289,46.64508819580078
2015-01-08,41.86990737915039,38.15003967285156,35.72475051879883,32.80683898925781,31.561426162719727,33.16504669189453,37.39855194091797,43.64519500732422,46.91973114013672,49.28630447387695,49.86812210083008,50.496212005615234,49.64041519165039,46.2833366394043,43.57569885253906,42.042572021484375,42.7573356628418,48.923057556152344,54.92604064941406,54.925872802734375,50.97300338745117,46.251136779785156,48.5021858215332,45.19834899902344
2015-01-09,37.17439651489258,33.571441650390625,31.055891036987305,27.8728084564209,26.948583602905273,28.947113037109375,32.44645690917969,38.803951263427734,41.256736755371094,43.83356475830078,44.920623779296875,46.02747344970703,45.50798797607422,42.21810531616211,39.464012145996094,38.447933197021484,39.15764617919922,45.84461975097656,52.249366760253906,51.7214241027832,47.077083587646484,42.66606903076172,45.18741989135742,41.87220001220703
2015-01-10,27.621492385864258,24.42357635498047,22.248716354370117,20.148056030273438,18.52816390991211,19.05245018005371,21.47273826599121,23.543636322021484,24.714941024780273,26.962160110473633,28.6053409576416,31.100231170654297,31.361003875732422,28.761751174926758,25.50344467163086,24.44066619873047,25.751752853393555,32.14809799194336,36.67208480834961,39.37462615966797,35.96595764160156,33.76108932495117,37.96725845336914,33.61769104003906
2015-01-11,27.273387908935547,22.854175567626953,20.704288482666016,19.345346450805664,16.987014770507812,16.51092529296875,17.919143676757812,20.326221466064453,23.98892593383789,28.42585563659668,28.676748275756836,29.977401733398438,31.917484283447266,28.559162139892578,25.96458625793457,25.17113494873047,25.54349136352539,34.69417953491211,39.39474868774414,39.671119689941406,35.56468963623047,33.4329833984375,36.783851623535156,33.4871940612793
2015-01-12,33.14271545410156,29.881553649902344,27.328510284423828,23.82427215576172,23.461599349975586,27.818632125854492,35.97884750366211,45.95680236816406,48.85047149658203,49.90409851074219,50.02837371826172,50.39316177368164,49.10149002075195,47.047122955322266,45.55287170410156,43.806026458740234,44.67459487915039,50.300777435302734,54.10678482055664,52.710384368896484,48.08666229248047,43.02949905395508,45.27703857421875,41.09219741821289
2015-01-13,35.50288391113281,31.942920684814453,29.55156898498535,26.728673934936523,25.74433135986328,28.63304328918457,34.53834533691406,42.29780960083008,45.27752685546875,47.15910339355469,47.71177291870117,48.33317565917969,47.287593841552734,44.477725982666016,42.301063537597656,40.83262252807617,41.579437255859375,48.16812515258789,52.975830078125,51.80893325805664,47.37046813964844,42.86705017089844,45.283782958984375,41.51767349243164
2015-01-14,32.20899963378906,29.09125518798828,26.763221740722656,24.126663208007812,23.264066696166992,26.58301544189453,33.69003677368164,42.13733673095703,45.193565368652344,46.664730072021484,47.077415466308594,47.381324768066406,46.417388916015625,44.41887664794922,42.71139907836914,41.39665603637695,42.3122444152832,47.72873306274414,51.89512634277344,50.712223052978516,45.9664192199707,41.64801025390625,44.008487701416016,40.24287414550781
2015-01-15,33.6513786315918,30.460947036743164,27.880474090576172,24.940982818603516,24.54465103149414,27.347898483276367,33.53122329711914,41.97376251220703,44.33246612548828,46.70769119262695,46.6182861328125,47.54436492919922,46.199195861816406,44.29871368408203,42.540870666503906,40.94816207885742,41.189395904541016,47.80364227294922,52.20771789550781,51.17643356323242,46.18373107910156,41.63908004760742,44.13996124267578,40.489078521728516
2015-01-16,32.2672119140625,29.268983840942383,26.775875091552734,23.93486213684082,23.358596801757812,25.946455001831055,31.464595794677734,39.35972213745117,42.12484359741211,44.118141174316406,44.12047576904297,45.02967834472656,43.808040618896484,41.4129524230957,39.712257385253906,38.75575637817383,39.412803649902344,45.2681770324707,49.272953033447266,49.13219451904297,44.56825637817383,40.828311920166016,43.246673583984375,39.250022888183594
2015-01-17,33.911903381347656,30.432636260986328,28.41393280029297,26.103137969970703,25.552295684814453,26.9217529296875,31.448312759399414,37.99980545043945,40.219940185546875,42.160118103027344,43.24756622314453,44.322998046875,43.06945037841797,40.69770050048828,38.07395935058594,37.20216369628906,38.542789459228516,46.185569763183594,51.75788116455078,49.786895751953125,45.651573181152344,41.03752517700195,43.14279556274414,40.231781005859375
2015-01-18,31.124027252197266,27.549259185791016,24.94744300842285,23.22629737854004,22.264440536499023,23.09221076965332,24.730146408081055,27.99720001220703,30.960458755493164,35.03016662597656,35.91326141357422,37.35759735107422,36.009010314941406,32.56131362915039,30.213645935058594,30.198795318603516,31.107540130615234,36.94011306762695,42.680015563964844,43.44222640991211,40.49192810058594,37.11444854736328,39.74920654296875,36.92588806152344
2015-01-19,37.45442199707031,34.26895523071289,31.44696807861328,28.447044372558594,27.850601196289062,31.204627990722656,39.070613861083984,48.55751037597656,51.489994049072266,52.94465255737305,52.46367263793945,53.10435485839844,51.4813232421875,49.66496276855469,47.462799072265625,45.89588165283203,46.37948226928711,52.52288055419922,57.40044403076172,55.66829299926758,50.66263198852539,45.78938293457031,47.483070373535156,44.132835388183594
2015-01-20,40.97283172607422,37.33167266845703,34.52207565307617,31.039915084838867,30.582550048828125,34.501304626464844,43.15958023071289,53.71660232543945,56.590843200683594,57.8343505859375,57.37190628051758,57.73073959350586,55.766204833984375,53.94432830810547,51.71306610107422,49.88468933105469,50.1390380859375,56.52516174316406,61.64999771118164,59.33652877807617,54.117855072021484,48.60182189941406,50.11786651611328,46.878334045410156
2015-01-21,42.337379455566406,38.94621276855469,36.118324279785156,32.86814498901367,32.21354293823242,35.24305725097656,42.20282745361328,51.374671936035156,54.31208038330078,55.8203239440918,55.607826232910156,56.118621826171875,54.27104187011719,52.013427734375,49.66974639892578,47.83748245239258,48.182403564453125,54.71500778198242,60.42174530029297,58.436317443847656,53.89031219482422,48.593563079833984,50.15309143066406,46.76311111450195
2015-01-22,41.80984878540039,38.1859016418457,35.645362854003906,32.522804260253906,31.865264892578125,34.934898376464844,41.862361907958984,50.888404846191406,53.8342399597168,55.395084381103516,55.26221466064453,55.663455963134766,54.06309127807617,51.72892379760742,49.417335510253906,47.7777099609375,48.14612579345703,54.92926025390625,60.81637191772461,58.61369323730469,53.536659240722656,48.17038345336914,49.829383850097656,46.66688919067383
2015-01-23,44.122859954833984,40.64863967895508,37.87046432495117,34.44036865234375,33.8773078918457,37.204246520996094,44.19694900512695,53.926597595214844,56.766117095947266,58.245792388916016,57.86066436767578,58.16859817504883,56.088016510009766,53.76335144042969,51.515174865722656,49.563377380371094,49.88853454589844,57.09926986694336,62.93517303466797,60.82005310058594,55.59284973144531,49.94681930541992,51.302608489990234,48.20466232299805
2015-01-24,41.03352355957031,37.50699234008789,35.225196838378906,32.584285736083984,31.5477237701416,33.341190338134766,37.700706481933594,44.13689041137695,47.25480651855469,49.56746292114258,50.026634216308594,50.792972564697266,49.418155670166016,46.47747039794922,43.840538024902344,42.348480224609375,43.171382904052734,49.70679473876953,55.00032424926758,54.31929016113281,51.03407287597656,46.430294036865234,48.31599044799805,44.99406433105469
2015-01-25,38.74181365966797,34.86299514770508,32.41543197631836,30.450946807861328,29.01666831970215,29.616539001464844,31.492067337036133,35.208499908447266,38.550628662109375,42.024288177490234,43.22294235229492,44.50481414794922,43.92560577392578,40.15622329711914,37.490501403808594,35.794837951660156,36.63996887207031,42.84893035888672,47.608489990234375,49.15587615966797,46.95206832885742,43.49321746826172,45.960140228271484,41.90214920043945
2015-01-26,41.10724639892578,37.727195739746094,35.018646240234375,31.92097282409668,31.269838333129883,34.46297836303711,42.27012252807617,52.16269302368164,55.04847717285156,56.38269805908203,56.12005615234375,56.401039123535156,54.58135223388672,52.46282958984375,50.24082565307617,48.5457763671875,48.67901611328125,54.72552490234375,59.911659240722656,58.29733657836914,53.493412017822266,48.60009765625,50.11109924316406,46.60823059082031
2015-01-27,42.18204116821289,38.70439529418945,35.68158721923828,32.385581970214844,31.858985900878906,35.271690368652344,43.08085250854492,53.02128219604492,55.85846710205078,57.38618087768555,57.081016540527344,57.49626541137695,55.464500427246094,53.278587341308594,51.162715911865234,49.30591583251953,49.36891555786133,55.651344299316406,60.947486877441406,59.311222076416016,54.21467208862305,49.148475646972656,50.6982307434082,47.38484191894531
2015-01-28,43.27113342285156,39.84258270263672,36.866249084472656,33.640220642089844,32.98097610473633,36.13597869873047,43.86627197265625,53.42573928833008,56.38581848144531,57.69501495361328,57.53949737548828,57.71144485473633,55.6123046875,53.81900405883789,51.2983512878418,49.453941345214844,49.680564880371094,56.58207321166992,62.476951599121094,60.51906204223633,55.04325485229492,49.537715911865234,51.081546783447266,48.090633392333984
2015-01-29,43.14051055908203,39.694114685058594,36.7242317199707,33.37929916381836,32.63310241699219,35.75623321533203,42.9216423034668,51.82035827636719,54.83736038208008,56.60852813720703,56.5355110168457,57.008548736572266,55.25923538208008,52.67336654663086,50.456565856933594,48.498497009277344,48.64863204956055,54.74315643310547,60.14817810058594,58.83110427856445,54.47233581542969,49.61981201171875,51.119728088378906,47.941768646240234
2015-01-30,41.5366325378418,37.81991195678711,35.2836799621582,32.256492614746094,31.320375442504883,33.90436553955078,39.98215103149414,48.13692855834961,50.9134635925293,52.90012741088867,52.982627868652344,53.6767463684082,52.08732223510742,49.55303955078125,47.25928497314453,45.50547790527344,45.85326385498047,52.109169006347656,57.58380889892578,56.36834716796875,52.1844596862793,47.47825622558594,49.138431549072266,46.01870346069336
2015-01-31,38.71955108642578,35.01496124267578,32.52448272705078,30.067441940307617,28.833040237426758,30.68391227722168,35.096134185791016,41.404144287109375,43.72739028930664,46.550899505615234,47.075923919677734,48.03500747680664,47.02204132080078,44.12968826293945,41.474769592285156,39.94302749633789,40.516517639160156,47.01063537597656,52.26568603515625,51.90544128417969,48.5453987121582,44.29935836791992,46.585384368896484,43.21080780029297
2015-02-01,38.56193542480469,34.852054595947266,32.617191314697266,30.335235595703125,28.945833206176758,30.16856575012207,32.47850036621094,37.03855895996094,40.234588623046875,43.31068420410156,44.056190490722656,45.17937469482422,44.33795166015625,40.99221420288086,38.354209899902344,37.13291931152344,37.74753952026367,44.510047912597656,49.33198928833008,49.563941955566406,47.02861404418945,43.45321273803711,45.93452072143555,42.16490173339844
2015-02-02,39.12759780883789,35.77421569824219,33.131187438964844,29.758848190307617,29.377641677856445,32.985382080078125,41.77552032470703,52.10276412963867,54.86610794067383,55.99253845214844,55.60458755493164,56.01755142211914,54.10233688354492,52.25952911376953,50.166934967041016,48.5587158203125,48.79621505737305,55.05130386352539,59.061012268066406,57.33414840698242,52.28522491455078,47.41487121582031,49.00615692138672,45.78699493408203
2015-02-03,47.04063034057617,43.94249725341797,40.99245071411133,37.395545959472656,36.732337951660156,40.33859634399414,48.01736068725586,58.68138122558594,61.87940979003906,63.193603515625,62.36225128173828,62.4224739074707,60.116458892822266,57.9825439453125,55.50276184082031,53.354698181152344,53.2438850402832,60.40827941894531,66.31170654296875,64.18508911132812,58.72900390625,53.111839294433594,54.40426254272461,50.953285217285156
2015-02-04,46.98979187011719,44.0601692199707,41.19147872924805,37.69984817504883,37.02974319458008,40.31901550292969,47.46705627441406,57.11160659790039,59.939727783203125,61.104408264160156,60.74120330810547,60.60966873168945,58.14963150024414,56.1143684387207,53.30788040161133,51.68727111816406,51.98081588745117,60.186336517333984,67.56962585449219,64.6729736328125,57.994205474853516,52.080989837646484,53.090126037597656,50.58971405029297
2015-02-05,47.045166015625,43.72157669067383,40.758827209472656,37.15732955932617,36.2812614440918,39.85731506347656,48.04887008666992,58.47349166870117,61.518150329589844,62.57049560546875,62.08272933959961,62.00851058959961,59.6712532043457,57.13920211791992,54.88478469848633,52.88909149169922,53.00113296508789,60.35205078125,67.1267318725586,64.6353988647461,58.404335021972656,52.170631408691406,53.67649459838867,50.88404083251953
2015-02-06,46.16987991333008,42.38911819458008,39.78718948364258,36.5369873046875,35.48209762573242,38.339073181152344,44.61761474609375,53.32278060913086,56.30247116088867,58.14759826660156,57.975650787353516,58.25819778442383,56.273216247558594,53.50558853149414,50.941551208496094,49.04197311401367,49.23950958251953,55.76659393310547,61.89128112792969,61.124794006347656,56.32830810546875,51.107452392578125,52.286556243896484,49.497291564941406
2015-02-07,45.359283447265625,41.368621826171875,39.29467010498047,36.80707550048828,35.44505310058594,36.94660568237305,40.52122116088867,46.11045455932617,49.46582794189453,51.869056701660156,52.63994598388672,53.18934631347656,51.84796905517578,48.438880920410156,45.501808166503906,43.6797981262207,44.187255859375,50.573020935058594,56.97378921508789,56.998565673828125,53.71183395385742,49.13981246948242,50.56557846069336,47.30454635620117
2015-02-08,46.8170166015625,42.61055374145508,40.62525177001953,37.943275451660156,36.491641998291016,37.4132194519043,39.632041931152344,44.42012405395508,48.0477294921875,50.992488861083984,51.75717544555664,52.29308319091797,51.04724884033203,46.90580368041992,44.17928695678711,42.244483947753906,42.91140365600586,49.1370849609375,55.73966979980469,56.29498291015625,53.37138748168945,49.24415969848633,50.59745788574219,47.369422912597656
2015-02-09,48.03071594238281,44.25555419921875,41.44353485107422,37.85929489135742,36.90683364868164,40.50559616088867,48.23822784423828,57.97657775878906,61.04536437988281,62.754249572753906,62.23244094848633,61.92197036743164,60.05523681640625,57.3553352355957,54.64219665527344,52.59418487548828,52.496822357177734,58.69772720336914,64.71044158935547,63.85824966430664,58.59680938720703,53.09893798828125,54.38692855834961,51.310874938964844
2015-02-10,54.67819595336914,51.43042755126953,48.55424499511719,43.458736419677734,42.569313049316406,47.290897369384766,56.144718170166016,65.18610382080078,68.14032745361328,71.12205505371094,69.60284423828125,69.6812744140625,65.85906982421875,62.935264587402344,61.195743560791016,58.417327880859375,58.76841354370117,64.75786590576172,71.63291931152344,71.47743225097656,65.02804565429688,58.22975540161133,59.05409240722656,56.48661422729492
2015-02-11,53.32218933105469,51.35771942138672,48.41952896118164,44.425331115722656,42.99658966064453,47.14842987060547,53.51847839355469,64.21640014648438,66.73731994628906,68.74116516113281,67.90105438232422,67.04360961914062,64.18914031982422,61.69390106201172,59.19116973876953,56.843597412109375,57.09775161743164,64.3029556274414,71.24830627441406,69.54345703125,63.177310943603516,56.807708740234375,57.35069274902344,55.60506820678711
2015-02-12,50.57490921020508,47.78529739379883,44.623573303222656,40.731815338134766,39.79930114746094,43.06180953979492,50.29292297363281,60.121002197265625,62.8587532043457,64.90998077392578,63.94456100463867,64.03041076660156,61.86961364746094,58.76893615722656,55.926876068115234,53.765201568603516,54.13554763793945,61.29038619995117,68.46432495117188,66.6280288696289,61.034915924072266,54.28578567504883,55.06452178955078,52.802940368652344
2015-02-13,47.84234619140625,44.208702087402344,41.539649963378906,38.74492263793945,37.55297088623047,39.842041015625,46.443946838378906,54.89744186401367,58.170623779296875,59.74821853637695,59.07548522949219,59.35215759277344,57.23601150512695,54.56437301635742,52.15553283691406,50.122764587402344,50.59791564941406,57.15876388549805,63.772308349609375,62.69964599609375,57.72705078125,51.988067626953125,53.23564147949219,50.209510803222656
2015-02-14,43.6129035949707,39.74570083618164,37.25872039794922,34.5668830871582,33.5813102722168,34.98737335205078,38.82087326049805,44.83033752441406,47.85991668701172,50.683433532714844,51.02604675292969,51.6522102355957,50.204254150390625,46.62602996826172,43.96669006347656,42.16624450683594,42.951812744140625,48.75849151611328,54.990047454833984,55.143035888671875,52.18259811401367,48.07462692260742,49.523502349853516,46.39950180053711
2015-02-15,41.148109436035156,37.30319595336914,34.733436584472656,32.31999969482422,30.832456588745117,31.86540985107422,33.999961853027344,38.2098388671875,41.725711822509766,44.82326889038086,45.673831939697266,46.46068572998047,45.861061096191406,41.68790817260742,38.80228042602539,37.43347930908203,37.882728576660156,44.01093292236328,50.270259857177734,50.94871139526367,49.24725341796875,45.20001983642578,47.15697479248047,43.73040771484375
2015-02-16,45.37861633300781,41.99135208129883,39.31209945678711,35.40561294555664,35.33403015136719,39.34526062011719,48.88734436035156,60.590885162353516,63.06902313232422,63.766990661621094,63.496307373046875,62.999488830566406,60.31800842285156,58.834434509277344,56.41145706176758,54.364898681640625,54.6160888671875,61.423194885253906,67.12498474121094,64.44535064697266,58.394676208496094,52.42683410644531,53.69642639160156,50.78303146362305
2015-02-17,48.743927001953125,45.9378547668457,43.238380432128906,40.12311553955078,38.976539611816406,43.277626037597656,51.995121002197266,62.81813049316406,65.87122344970703,67.46745300292969,66.47236633300781,65.75486755371094,62.42589569091797,60.70616149902344,58.64750289916992,56.428897857666016,56.28888702392578,63.56126022338867,70.61355590820312,67.55863952636719,60.689327239990234,54.85213088989258,55.539268493652344,52.77055740356445
2015-02-18,46.50405502319336,42.95748519897461,40.283695220947266,37.187564849853516,36.554176330566406,39.65998458862305,47.05243682861328,56.782005310058594,59.635066986083984,61.29609680175781,60.9453125,60.810150146484375,58.38280487060547,56.04808807373047,53.57659149169922,51.648902893066406,51.87809371948242,58.045616149902344,63.372066497802734,62.08399963378906,57.48520278930664,52.178749084472656,53.25252914428711,50.14595413208008
2015-02-19,47.26153564453125,43.95459747314453,41.609737396240234,39.15223693847656,38.018959045410156,39.96647644042969,45.36737823486328,53.30995559692383,56.694725036621094,58.92547607421875,58.565956115722656,58.96939468383789,56.51189422607422,53.802486419677734,51.094383239746094,49.08256530761719,49.499717712402344,55.99542236328125,61.99526596069336,61.44939422607422,56.70586013793945,51.8002815246582,52.59914779663086,49.545082092285156
2015-02-20,47.892940521240234,44.624969482421875,42.658599853515625,40.259281158447266,38.84480285644531,40.619895935058594,45.2585334777832,53.03284454345703,56.24555587768555,58.32820129394531,58.07906723022461,58.19456100463867,56.28972244262695,53.1655387878418,50.612178802490234,48.663143157958984,48.945796966552734,55.8470344543457,62.277801513671875,61.62297439575195,57.124290466308594,51.89415740966797,52.77115249633789,49.93386459350586
2015-02-21,44.98297119140625,41.288700103759766,39.210487365722656,36.64856719970703,35.383724212646484,36.80589294433594,41.1292839050293,47.98554992675781,51.33591079711914,53.68802261352539,53.731483459472656,53.8292236328125,52.56599807739258,49.18317413330078,46.773216247558594,44.953651428222656,45.41196060180664,51.83087921142578,58.065223693847656,57.733516693115234,53.70034408569336,49.172908782958984,50.59666442871094,47.55719757080078
2015-02-22,42.65465545654297,38.92180633544922,36.60535430908203,34.46472930908203,33.05293273925781,34.26125717163086,37.312923431396484,42.28428649902344,45.32175064086914,48.59455108642578,48.66987991333008,49.4257926940918,48.439964294433594,44.91740798950195,42.26862335205078,40.291378021240234,40.76357650756836,46.90267562866211,52.79926681518555,53.787017822265625,50.94438171386719,47.08395004272461,48.629249572753906,45.52815628051758
2015-02-23,42.3353385925293,39.09416580200195,36.56660079956055,33.31009292602539,32.93216323852539,36.39139938354492,44.313724517822266,54.66758728027344,57.462432861328125,58.46468734741211,57.64237976074219,57.73479461669922,55.43606948852539,53.462276458740234,51.44260025024414,49.525421142578125,49.68632125854492,55.914947509765625,61.015743255615234,59.691715240478516,54.37150573730469,49.3444938659668,50.233489990234375,47.237266540527344
2015-02-24,42.97643280029297,39.74937057495117,37.17158508300781,34.0668830871582,33.37748718261719,36.27289962768555,43.252262115478516,52.28595733642578,55.26307678222656,56.87739944458008,56.58316421508789,56.669742584228516,54.59458541870117,52.41560745239258,50.210899353027344,48.21464920043945,48.29841613769531,54.33695602416992,59.74113082885742,58.997589111328125,54.26151657104492,49.27553939819336,50.33732223510742,47.495933532714844
2015-02-25,43.83488082885742,40.40415954589844,38.01200485229492,34.643558502197266,34.10308837890625,37.1306266784668,44.11357879638672,53.49385452270508,56.73627471923828,58.28239822387695,57.728328704833984,58.02190017700195,56.00240707397461,53.59519958496094,51.2900505065918,49.15256881713867,49.23634338378906,55.28847885131836,60.467491149902344,60.00346374511719,55.13570022583008,50.37725830078125,51.59244918823242,48.39494323730469
2015-02-26,45.087886810302734,41.37387466430664,39.004642486572266,35.808998107910156,34.824974060058594,37.47056198120117,43.726898193359375,52.1635627746582,55.07551956176758,57.19884490966797,57.03335189819336,57.218624114990234,55.222896575927734,52.500823974609375,50.15053176879883,48.10433578491211,48.238346099853516,54.29202651977539,60.141563415527344,59.50251770019531,55.16015625,50.4737548828125,51.58570098876953,48.561973571777344
2015-02-27,44.88728713989258,41.38422393798828,38.81597900390625,36.09630584716797,35.03413772583008,37.4654426574707,43.57308578491211,51.96168518066406,54.648929595947266,56.6060791015625,56.35252380371094,56.47868347167969,54.41086959838867,51.84294891357422,49.38034439086914,47.570133209228516,47.795379638671875,54.4575080871582,60.17613983154297,59.39460754394531,54.71097946166992,49.73213195800781,50.94450378417969,48.232601165771484
2015-02-28,44.71223068237305,40.519569396972656,38.410823822021484,35.90076446533203,34.562477111816406,36.090667724609375,40.252685546875,46.909366607666016,49.70877456665039,52.437477111816406,52.79679870605469,53.32453155517578,51.663875579833984,48.48513412475586,46.076759338378906,44.271183013916016,44.51716613769531,50.46811294555664,56.383140563964844,56.625247955322266,53.0030517578125,48.8817138671875,50.316566467285156,47.23474884033203
2015-03-01,42.219078063964844,37.49388122558594,36.01017379760742,34.565093994140625,32.77199172973633,32.55988311767578,32.959228515625,34.26673126220703,37.41592025756836,41.6209831237793,42.869529724121094,43.76335144042969,43.47664260864258,38.73149490356445,35.567203521728516,33.925941467285156,34.71821594238281,41.57987594604492,47.986305236816406,49.2978515625,47.82474136352539,44.76948547363281,46.45011901855469,43.295318603515625
2015-03-02,35.85940933227539,32.54269790649414,30.143878936767578,26.906747817993164,26.510215759277344,30.30947494506836,38.68671417236328,48.63339614868164,51.6593132019043,52.9293212890625,52.43193054199219,53.048824310302734,51.14653778076172,49.534217834472656,47.56350326538086,45.47296905517578,45.644466400146484,50.73397445678711,54.5190544128418,54.05080795288086,49.80801010131836,45.61567306518555,47.14296340942383,43.692562103271484
2015-03-03,42.15998840332031,38.54351043701172,35.87990188598633,32.61577224731445,31.852577209472656,35.0462760925293,42.41986083984375,51.648563385009766,54.550933837890625,56.315887451171875,56.261375427246094,56.53282928466797,54.38388442993164,52.14724349975586,49.786861419677734,47.797420501708984,47.889495849609375,53.75535583496094,58.774391174316406,58.44292068481445,53.953285217285156,49.0984992980957,50.36174392700195,47.13557434082031
2015-03-04,44.540771484375,41.01077651977539,38.98788070678711,36.46539306640625,35.460201263427734,37.922645568847656,44.61064147949219,53.78053283691406,56.55366516113281,58.010215759277344,57.64447021484375,57.75022506713867,55.39122772216797,53.191566467285156,50.64208984375,48.86806869506836,48.99106979370117,55.40239334106445,60.8975944519043,60.15301513671875,55.453006744384766,50.58146667480469,51.146507263183594,48.14425277709961
2015-03-05,44.6755485534668,41.064231872558594,38.7904052734375,36.304222106933594,35.44358825683594,37.66324234008789,43.5308952331543,51.85151672363281,54.87028884887695,56.67059326171875,56.61964797973633,56.78315353393555,54.65618896484375,51.98466873168945,49.61358642578125,47.67730712890625,48.02932357788086,54.52570343017578,60.285850524902344,59.95888137817383,55.527076721191406,50.14678955078125,51.03828811645508,48.314090728759766
2015-03-06,44.13774490356445,40.05582809448242,38.03867721557617,35.617706298828125,34.71608352661133,36.339439392089844,41.35089874267578,48.6516227722168,51.693275451660156,53.911094665527344,54.157257080078125,54.4622688293457,52.536231994628906,49.49402618408203,46.95909118652344,45.10271072387695,45.50996398925781,51.74102020263672,57.438106536865234,57.93626403808594,53.900753021240234,49.052772521972656,50.327213287353516,47.13933181762695
2015-03-07,43.28129196166992,39.193031311035156,37.47146224975586,35.491371154785156,33.75436782836914,33.528724670410156,35.42747497558594,38.37488555908203,41.560691833496094,45.53899383544922,45.34601593017578,45.71796417236328,45.19282531738281,41.08000183105469,37.5654296875,36.42292785644531,37.103267669677734,43.87812042236328,50.780517578125,52.42250442504883,49.700782775878906,45.47560501098633,47.46316146850586,44.63289260864258
2015-03-08,39.08435821533203,34.067176818847656,32.3648796081543,29.692880630493164,27.528629302978516,27.661508560180664,25.526466369628906,24.049022674560547,27.89796257019043,33.12652587890625,34.56673049926758,35.66647720336914,36.70183563232422,31.579133987426758,27.802730560302734,25.873090744018555,26.294601440429688,31.99361801147461,40.168312072753906,44.27571105957031,43.72882843017578,41.65708923339844,44.1614875793457,40.29778289794922
2015-03-09,39.283626556396484,35.793983459472656,33.1684684753418,29.903671264648438,29.376977920532227,32.712425231933594,41.38066864013672,51.40054702758789,54.43117141723633,55.854156494140625,55.360191345214844,55.59236526489258,53.46097183227539,51.562767028808594,49.537811279296875,47.689598083496094,47.821983337402344,53.108924865722656,57.914100646972656,57.151615142822266,52.609683990478516,47.806705474853516,49.29431915283203,45.77499008178711
2015-03-10,40.575927734375,37.3728141784668,35.178253173828125,32.64509963989258,31.86808967590332,34.10409927368164,40.54995346069336,49.11133575439453,51.820640563964844,53.582054138183594,53.36185073852539,53.428340911865234,51.60416793823242,49.206634521484375,46.88865280151367,45.08121109008789,45.58706283569336,51.535552978515625,57.2623405456543,56.26074981689453,51.84364318847656,46.82094955444336,48.58363342285156,45.479496002197266
2015-03-11,43.21923065185547,39.53122329711914,37.320499420166016,34.79184341430664,33.83063507080078,35.734901428222656,40.96308898925781,48.75350570678711,51.68524932861328,53.75323486328125,53.71503448486328,53.669715881347656,52.028076171875,49.374664306640625,46.742000579833984,44.87623977661133,45.37116622924805,51.2009391784668,57.16794967651367,57.1524658203125,53.098506927490234,48.264442443847656,49.83802032470703,46.744014739990234
2015-03-12,41.30949401855469,37.6551513671875,35.55973815917969,33.10890197753906,32.002925872802734,33.95084762573242,38.55488967895508,45.204708099365234,48.11265563964844,50.477134704589844,50.49452590942383,50.93641662597656,49.565242767333984,46.55358123779297,43.85618591308594,42.05094909667969,42.76848602294922,48.15161895751953,54.14900588989258,54.225887298583984,50.83000946044922,46.86775588989258,48.54555892944336,45.215538024902344
2015-03-13,40.52933883666992,36.94752883911133,34.80767059326172,32.48753356933594,31.555830001831055,33.4293212890625,38.392494201660156,45.843292236328125,48.626312255859375,50.77419662475586,50.635581970214844,50.85295867919922,49.41584396362305,46.485443115234375,43.97832107543945,42.098121643066406,42.72735595703125,48.43573760986328,53.77789306640625,54.10184097290039,50.53907012939453,46.39232635498047,48.02861404418945,44.678836822509766
2015-03-14,39.46705627441406,35.56977844238281,33.82406234741211,32.20572280883789,30.7921199798584,31.43400001525879,32.690486907958984,36.264137268066406,39.26335144042969,41.80399703979492,42.22816467285156,42.74933624267578,41.93708038330078,37.76175308227539,34.339263916015625,33.21523666381836,34.56592559814453,40.56241989135742,47.174095153808594,48.82859420776367,46.775238037109375,43.481597900390625,45.54444122314453,42.1407356262207
2015-03-15,39.07339859008789,35.14429473876953,33.311824798583984,31.111492156982422,30.15607261657715,30.095287322998047,30.337902069091797,31.756359100341797,34.40055847167969,39.34330749511719,40.25213623046875,41.32054901123047,40.136871337890625,35.96794509887695,32.62276077270508,31.2596492767334,31.900684356689453,37.78797912597656,44.768821716308594,45.99043273925781,45.73652648925781,42.8704948425293,45.842323303222656,41.98866271972656
2015-03-16,44.58771514892578,41.00281524658203,38.7288818359375,35.72503662109375,35.037654876708984,37.76688766479492,44.82389450073242,54.09431076049805,57.106475830078125,58.80247116088867,58.344764709472656,58.34709930419922,56.147579193115234,53.75332260131836,51.422874450683594,49.399147033691406,49.482295989990234,55.05664825439453,60.665584564208984,60.28734588623047,55.7967414855957,50.63832473754883,51.6161994934082,48.791839599609375
2015-03-17,47.957210540771484,43.462684631347656,41.804840087890625,39.38153076171875,38.1007194519043,39.53175735473633,44.88823318481445,52.16861343383789,55.43328857421875,57.815040588378906,57.60308074951172,57.739524841308594,55.561649322509766,52.581851959228516,50.017494201660156,47.7047004699707,47.86870193481445,53.698402404785156,60.66761016845703,60.80869674682617,56.615570068359375,51.62223815917969,52.388519287109375,49.65211868286133
2015-03-18,43.25737762451172,39.66374206542969,37.70924758911133,35.22809982299805,34.38206481933594,35.915611267089844,41.15999984741211,48.85108184814453,51.82526779174805,53.92021560668945,53.56184768676758,53.6795768737793,51.86736297607422,48.87508773803711,46.418949127197266,44.63745880126953,45.04893493652344,51.238773345947266,57.18767166137695,57.24928283691406,53.075904846191406,48.11098861694336,49.70345687866211,46.6434211730957
2015-03-19,40.977317810058594,37.4759407043457,35.43805694580078,33.154884338378906,32.016658782958984,33.50505447387695,38.28599548339844,45.392086029052734,48.48860168457031,50.64622497558594,50.5782470703125,50.70278549194336,49.34049987792969,46.41798400878906,43.89673614501953,42.19445037841797,42.678951263427734,48.28447341918945,54.016868591308594,54.31061935424805,50.82074737548828,46.28684616088867,48.136009216308594,45.09007263183594
2015-03-20,38.22463607788086,34.450828552246094,32.38446807861328,29.928176879882812,28.943525314331055,31.106124877929688,35.744537353515625,42.854732513427734,46.00632095336914,48.02470397949219,48.12473678588867,48.8545036315918,47.20045471191406,44.412132263183594,42.06436538696289,40.3638916015625,40.77174758911133,45.95728302001953,51.1181755065918,51.75505447387695,48.54411697387695,44.51603317260742,46.44270706176758,43.17202377319336
2015-03-21,38.17977523803711,34.210941314697266,32.23612594604492,29.79503059387207,28.530181884765625,29.672748565673828,32.05832290649414,35.77455139160156,39.62259292602539,43.10579299926758,43.48728561401367,44.05882263183594,43.2012939453125,40.09138488769531,37.109127044677734,35.50591278076172,36.54595947265625,41.53363800048828,46.63505172729492,48.47309494018555,46.86387634277344,43.55995559692383,45.85707092285156,42.34343719482422
2015-03-22,39.92937469482422,35.909828186035156,33.992149353027344,32.06219482421875,30.426219940185547,30.702739715576172,30.618820190429688,32.598297119140625,35.08656311035156,39.27695846557617,40.28837966918945,41.7602424621582,41.427860260009766,36.34538650512695,33.02815628051758,31.693761825561523,33.192962646484375,38.593055725097656,45.252174377441406,47.50941467285156,46.64466857910156,43.6592903137207,45.541290283203125,42.1725959777832
2015-03-23,42.634098052978516,38.633575439453125,36.106353759765625,32.838260650634766,32.260921478271484,35.47367477416992,43.72569274902344,53.41621780395508,56.21356201171875,57.73423385620117,57.55248260498047,57.71082305908203,55.47258377075195,53.30685806274414,51.07040023803711,48.97381591796875,48.923885345458984,54.13237762451172,59.23905563354492,59.03302764892578,54.6314697265625,49.88210678100586,51.15018081665039,47.750030517578125
2015-03-24,51.82951736450195,48.244911193847656,46.91895294189453,43.5401611328125,42.302425384521484,43.32109069824219,47.448551177978516,55.2886962890625,58.00849533081055,60.33826446533203,60.01640701293945,60.11495590209961,57.686256408691406,54.67851257324219,51.859066009521484,49.75194549560547,49.81806182861328,55.95286178588867,63.56932067871094,63.85103225708008,58.65674591064453,53.05118179321289,53.89649963378906,51.72148132324219
2015-03-25,56.49820327758789,55.51933288574219,53.11648178100586,48.47737121582031,46.932151794433594,50.622901916503906,58.30289077758789,67.74172973632812,71.72577667236328,72.8450698852539,71.37393188476562,70.2735824584961,66.933349609375,64.988037109375,62.04829788208008,59.76569366455078,59.598514556884766,65.67798614501953,74.66697692871094,74.09184265136719,66.88383483886719,59.682472229003906,59.60820007324219,58.331565856933594
2015-03-26,48.67687225341797,44.86737823486328,42.183990478515625,38.618438720703125,38.07558822631836,42.2481803894043,51.21725845336914,61.92798614501953,65.42987060546875,67.08470153808594,66.1215591430664,65.38933563232422,62.48323440551758,60.44279479980469,58.13349151611328,55.921875,55.51286315917969,61.34733581542969,66.95848083496094,66.03813171386719,61.092857360839844,54.81050491333008,55.532596588134766,52.77309036254883
2015-03-27,44.87015914916992,40.937984466552734,39.079566955566406,36.3618278503418,35.44074630737305,37.63505172729492,43.434173583984375,51.70471954345703,54.65513610839844,56.452152252197266,56.103389739990234,56.25164794921875,54.34852981567383,51.42158508300781,49.09554672241211,47.060916900634766,47.52294158935547,53.33089828491211,59.14897918701172,59.348793029785156,55.035133361816406,49.996063232421875,51.03018569946289,48.09424591064453
2015-03-28,45.79816818237305,41.38224792480469,39.82972717285156,37.50572204589844,35.621177673339844,36.30805969238281,38.69795608520508,43.26409912109375,46.57514190673828,49.5953254699707,50.176353454589844,50.42542266845703,49.209815979003906,45.25403594970703,42.59605026245117,41.017051696777344,41.73231887817383,47.11351013183594,53.557186126708984,54.933753967285156,52.66865921020508,48.63610076904297,49.7567024230957,46.57261276245117
2015-03-29,33.68583297729492,30.212095260620117,28.383045196533203,26.55245590209961,24.894203186035156,25.00963592529297,25.75285530090332,25.838998794555664,29.126066207885742,33.6805419921875,35.77415084838867,35.79639434814453,34.69883728027344,31.422813415527344,28.82368278503418,27.457258224487305,27.98533058166504,34.40608596801758,40.125343322753906,42.382728576660156,40.672706604003906,38.8205451965332,42.04888153076172,38.18726348876953
2015-03-30,33.454524993896484,30.372907638549805,27.47492027282715,24.42264175415039,24.050004959106445,28.035776138305664,37.07207489013672,47.08049392700195,50.47733688354492,51.39268493652344,51.33729553222656,51.70657730102539,49.91477584838867,48.13064193725586,46.20008087158203,44.702274322509766,44.7562141418457,49.330780029296875,53.12348556518555,52.531436920166016,48.26026916503906,44.34949493408203,46.249202728271484,42.02425003051758
2015-03-31,39.613765716552734,36.321475982666016,33.29203796386719,29.66788673400879,29.47124671936035,34.206180572509766,44.912200927734375,57.37798309326172,60.595699310302734,61.03921890258789,60.217403411865234,60.150203704833984,57.67927551269531,56.56794738769531,54.658302307128906,52.34141540527344,52.15646743774414,57.17802810668945,61.432621002197266,60.60193634033203,54.95064926147461,49.63246154785156,50.96589279174805,47.12672424316406
2015-04-01,38.005409240722656,34.57868576049805,31.56491470336914,28.016265869140625,27.8514404296875,31.974998474121094,41.24899673461914,52.35387420654297,55.269630432128906,56.53118133544922,55.893829345703125,56.24908447265625,54.114830017089844,52.257110595703125,50.332725524902344,48.24530792236328,48.31447982788086,53.334693908691406,57.321937561035156,56.93244552612305,52.051536560058594,47.799034118652344,49.31734085083008,45.08088302612305
2015-04-02,39.812625885009766,36.00140380859375,33.34970474243164,30.36041831970215,29.544818878173828,32.373023986816406,39.18783187866211,47.874053955078125,51.132774353027344,53.12953186035156,52.974220275878906,53.32003402709961,51.53478240966797,48.888648986816406,46.649471282958984,44.80558776855469,44.967777252197266,50.036956787109375,54.92930603027344,55.17264175415039,51.27717971801758,47.24961471557617,48.81330490112305,45.19430160522461
2015-04-03,48.12506103515625,43.6737060546875,41.57401657104492,38.056209564208984,37.317100524902344,39.40989685058594,44.705230712890625,52.410301208496094,55.509925842285156,58.146297454833984,58.157623291015625,58.04975891113281,56.31757736206055,53.022274017333984,50.35542297363281,48.2589225769043,48.29801559448242,53.87311553955078,59.83064270019531,60.75107955932617,56.8250617980957,52.3875846862793,53.106502532958984,50.37815475463867
2015-04-04,45.58466339111328,41.20417404174805,38.81050491333008,35.82460403442383,34.648963928222656,36.10593032836914,40.131935119628906,46.01628875732422,49.430625915527344,52.73453140258789,52.83054733276367,53.39101028442383,51.711421966552734,48.24264144897461,45.52192306518555,43.40523910522461,43.71858215332031,49.049835205078125,55.00502395629883,56.382659912109375,53.379329681396484,49.76607894897461,50.80283737182617,47.4088249206543
2015-04-05,34.84482955932617,30.483814239501953,27.671951293945312,25.31183624267578,24.046653747558594,25.408374786376953,27.26328468322754,30.11142921447754,33.838165283203125,38.29402160644531,39.563968658447266,40.60295104980469,39.79719161987305,36.10860824584961,34.06809997558594,32.56458282470703,32.83259963989258,37.14295959472656,40.85500717163086,43.77534103393555,43.03600311279297,41.1917724609375,43.560611724853516,39.259666442871094
2015-04-06,35.21417999267578,31.20663070678711,28.57024383544922,25.714540481567383,24.72893524169922,27.39728546142578,33.287994384765625,40.01152038574219,43.50282287597656,45.86122512817383,46.442962646484375,47.1335334777832,45.68050765991211,43.067832946777344,41.00824737548828,39.411582946777344,39.78703308105469,44.404457092285156,48.22402572631836,48.74995803833008,46.361244201660156,43.37464141845703,45.39812088012695,41.37313461303711
2015-04-07,47.816795349121094,43.41009521484375,40.72796630859375,37.379486083984375,36.52743911743164,39.2307014465332,46.113075256347656,55.657615661621094,58.968910217285156,60.802982330322266,60.64430236816406,60.71005630493164,58.540306091308594,55.74152374267578,53.337528228759766,51.137359619140625,50.92621994018555,56.50330352783203,62.690189361572266,62.56666564941406,57.671295166015625,52.94928741455078,53.71078109741211,50.8604621887207
2015-04-08,52.2901611328125,47.831912994384766,45.71522521972656,41.19800567626953,40.18153762817383,43.654052734375,48.93840026855469,56.82118225097656,59.94417190551758,62.45908737182617,61.77926254272461,62.379215240478516,60.451683044433594,56.70863723754883,53.86613845825195,51.5486946105957,51.25699234008789,57.175376892089844,64.92504119873047,65.28618621826172,60.531917572021484,55.13613510131836,56.09519958496094,53.27323532104492
2015-04-09,48.72482681274414,44.48954772949219,41.923851013183594,38.17192459106445,37.30784225463867,40.22539520263672,46.66267013549805,55.42087936401367,58.71306610107422,61.20441436767578,60.5279541015625,60.57057189941406,58.08108139038086,55.80234146118164,53.11764907836914,50.944358825683594,50.371864318847656,56.061309814453125,62.821205139160156,62.96900939941406,57.85032272338867,53.34117126464844,53.97197341918945,51.27410888671875
2015-04-10,47.70806884765625,43.66224670410156,40.662132263183594,37.216548919677734,35.904911041259766,39.23586654663086,46.93415069580078,55.40657424926758,58.862815856933594,60.87696838378906,60.713890075683594,60.6497688293457,58.55517578125,55.794593811035156,53.40715026855469,51.12593460083008,50.67821502685547,56.22582244873047,62.47097396850586,62.30366897583008,57.85197067260742,53.11052322387695,53.6053466796875,50.794158935546875
2015-04-11,46.547637939453125,41.6217155456543,40.134700775146484,37.94263458251953,36.30029296875,36.03969192504883,37.36629104614258,39.86970520019531,43.5324592590332,47.39399719238281,47.961082458496094,48.83393096923828,47.4832649230957,42.92620086669922,39.852561950683594,38.163509368896484,38.79924774169922,44.53996276855469,51.495811462402344,53.71213150024414,51.64878463745117,48.2128791809082,49.703922271728516,47.17132568359375
2015-04-12,47.567745208740234,42.84276580810547,40.79003143310547,38.79970169067383,36.486236572265625,35.954307556152344,36.5628547668457,38.232398986816406,41.07513427734375,45.775550842285156,47.03776550292969,47.53733825683594,46.74560546875,41.55796432495117,37.918479919433594,36.15605545043945,37.00218963623047,42.972686767578125,50.32377243041992,52.848323822021484,51.50705337524414,48.23115158081055,49.675926208496094,47.04181671142578
2015-04-13,36.84626007080078,33.20072937011719,30.708072662353516,27.648862838745117,26.888364791870117,29.7452392578125,36.16557693481445,44.02820587158203,47.27082824707031,49.52294158935547,49.510948181152344,50.091331481933594,48.626983642578125,46.06572723388672,43.98561477661133,42.28248977661133,42.17683792114258,46.494388580322266,50.70793151855469,51.365116119384766,48.577125549316406,45.12417221069336,47.03043746948242,43.05537033081055
2015-04-14,45.90026092529297,41.72756576538086,39.2167854309082,36.054283142089844,35.10446548461914,37.81941223144531,44.632606506347656,53.51856994628906,56.33041763305664,58.27499771118164,58.080101013183594,58.09018325805664,55.97861862182617,53.28202819824219,50.893714904785156,48.818756103515625,49.022216796875,54.428165435791016,59.7049560546875,60.5328254699707,56.147647857666016,51.445091247558594,52.427738189697266,49.405574798583984
2015-04-15,44.98480987548828,40.75892639160156,37.845680236816406,34.139217376708984,33.58946228027344,36.945091247558594,44.83753967285156,54.451133728027344,57.50956344604492,59.77666091918945,59.31967544555664,59.28955841064453,57.191139221191406,54.7083854675293,52.5599250793457,50.02978515625,49.91077423095703,55.2491569519043,60.435791015625,60.62839889526367,56.146636962890625,51.50423812866211,52.719173431396484,49.22332763671875
2015-04-16,42.78252410888672,38.45515441894531,35.834259033203125,32.38774490356445,31.77700424194336,34.96738052368164,42.18877410888672,50.99153137207031,54.266456604003906,56.542694091796875,56.29998016357422,56.59019088745117,54.63632583618164,51.958473205566406,49.724143981933594,47.59339904785156,47.48470687866211,52.273197174072266,57.44110870361328,57.826778411865234,54.229888916015625,49.93149948120117,51.29325485229492,47.615394592285156
2015-04-17,41.60342025756836,37.42990493774414,35.17575454711914,32.265804290771484,31.204696655273438,33.122520446777344,38.270172119140625,45.365196228027344,48.499778747558594,51.21226119995117,51.230140686035156,51.666412353515625,50.08602523803711,47.016571044921875,44.56454086303711,42.64886474609375,42.96955490112305,47.91710662841797,53.10696792602539,54.42234802246094,51.45464324951172,47.54249954223633,49.183433532714844,45.60759353637695
2015-04-18,48.55824279785156,43.643463134765625,41.564579010009766,39.045631408691406,37.460391998291016,37.31845474243164,39.67305374145508,44.16967010498047,47.648006439208984,51.39554977416992,51.46238708496094,51.837772369384766,50.73874282836914,46.6074104309082,43.96895217895508,42.02509307861328,42.27994155883789,47.68083953857422,54.672080993652344,56.38383865356445,53.92265319824219,50.062530517578125,51.61699295043945,48.72038650512695
2015-04-19,33.93248748779297,29.789220809936523,28.19674301147461,26.367185592651367,24.55638885498047,24.8765869140625,24.288509368896484,24.57343292236328,27.77212905883789,31.18387794494629,33.466796875,34.78228759765625,34.361141204833984,29.677326202392578,27.72623062133789,26.673986434936523,28.956132888793945,33.46173858642578,38.068641662597656,41.65919876098633,40.584041595458984,39.49921417236328,42.74728012084961,38.13812255859375
2015-04-20,44.864990234375,40.585269927978516,37.21625900268555,33.76139450073242,33.26314163208008,37.03106689453125,45.480892181396484,55.64419937133789,58.64537048339844,60.6745491027832,60.60723114013672,60.67518615722656,58.15998840332031,55.651573181152344,53.417327880859375,51.059200286865234,50.67192077636719,55.741355895996094,61.13612365722656,60.92024230957031,56.738037109375,52.126094818115234,53.23933029174805,49.731693267822266
2015-04-21,42.680965423583984,38.42170333862305,35.65386199951172,32.24302291870117,31.71676254272461,35.019439697265625,42.797672271728516,52.07866287231445,55.230281829833984,57.358131408691406,57.084537506103516,57.291709899902344,55.20945739746094,52.80420684814453,50.43793487548828,48.30387496948242,48.11302947998047,53.259944915771484,58.360652923583984,58.392826080322266,54.46394729614258,49.8956184387207,51.290931701660156,47.81742477416992
2015-04-22,46.35517883300781,42.21141815185547,39.5693473815918,36.524688720703125,35.25759506225586,38.24195098876953,43.97732925415039,52.29724884033203,55.37001037597656,57.7057991027832,57.72182846069336,57.7909049987793,55.756202697753906,52.70763397216797,50.281005859375,48.32402038574219,47.88970184326172,53.41322326660156,59.18024826049805,59.78281784057617,56.09639358520508,51.8021354675293,52.76775360107422,49.65155792236328
2015-04-23,43.700355529785156,39.450565338134766,36.83817672729492,33.65573501586914,32.76336669921875,35.496009826660156,41.94362258911133,50.37078857421875,53.696937561035156,55.80912780761719,55.75371170043945,55.9848747253418,53.965370178222656,51.281246185302734,48.826168060302734,46.62446594238281,46.6468620300293,52.082515716552734,57.33109664916992,57.73753356933594,54.21384048461914,49.72665023803711,51.109397888183594,47.821224212646484
2015-04-24,52.029598236083984,47.74433135986328,45.08465576171875,42.019126892089844,39.99849319458008,41.63762283325195,45.63154220581055,53.142051696777344,55.8006477355957,59.3967170715332,59.40483093261719,59.17636489868164,57.32674789428711,54.13568115234375,51.34782409667969,48.971099853515625,48.91788101196289,54.959720611572266,61.63180923461914,62.34709167480469,58.56654739379883,54.0737419128418,54.67449188232422,52.25995635986328
2015-04-25,40.60556411743164,36.21940231323242,34.41779327392578,32.113834381103516,30.654233932495117,31.049619674682617,32.3984260559082,35.67540740966797,39.25079345703125,43.07647705078125,43.82988739013672,44.190303802490234,43.473487854003906,39.236732482910156,35.854705810546875,34.474342346191406,35.52023696899414,40.478302001953125,46.47407531738281,48.677520751953125,47.2645263671875,44.1188850402832,46.404911041259766,42.99582290649414
2015-04-26,33.689334869384766,30.53182029724121,27.944683074951172,26.420211791992188,24.812244415283203,25.029224395751953,26.39165496826172,29.17546844482422,33.7812385559082,37.130592346191406,38.81483459472656,39.403778076171875,38.46589660644531,34.821128845214844,32.28992462158203,30.892051696777344,32.05876922607422,35.555686950683594,40.24082565307617,42.43653106689453,42.26344680786133,40.32402801513672,43.182613372802734,38.79601287841797
2015-04-27,43.14026641845703,39.21662902832031,36.483150482177734,33.110103607177734,32.38678741455078,35.853336334228516,44.350242614746094,54.35784149169922,56.95991897583008,58.934505462646484,58.513214111328125,58.58872604370117,56.30641174316406,54.00017547607422,51.73054885864258,49.49354934692383,49.487937927246094,54.851314544677734,60.1348991394043,59.674522399902344,55.28326416015625,50.36238098144531,51.66069412231445,48.397159576416016
2015-04-28,44.96568298339844,41.220516204833984,38.64717483520508,35.26205825805664,34.30888366699219,37.17746353149414,43.68141555786133,52.345245361328125,55.26072692871094,57.692100524902344,57.271629333496094,57.10003662109375,54.992122650146484,52.32733154296875,49.789588928222656,47.630218505859375,47.61793899536133,53.470703125,59.3543586730957,59.61424255371094,55.23927307128906,50.56065368652344,51.628108978271484,48.57130813598633
2015-04-29,40.40070343017578,36.425140380859375,33.61257553100586,30.39520835876465,29.7492733001709,33.078521728515625,41.1088752746582,50.5376091003418,53.822776794433594,55.666744232177734,55.24031448364258,55.5467643737793,53.54947280883789,51.31670379638672,49.0733642578125,46.940040588378906,46.948116302490234,51.85057067871094,56.611351013183594,56.48078918457031,52.75058364868164,48.46562576293945,50.09483337402344,46.21668243408203
2015-04-30,44.94580078125,41.01329040527344,38.474037170410156,34.978187561035156,33.951690673828125,36.88391876220703,43.7647705078125,52.337646484375,55.776973724365234,57.880821228027344,57.34281921386719,57.506980895996094,55.07061767578125,52.53409194946289,49.95750427246094,47.89046096801758,48.15205001831055,53.63717269897461,59.343223571777344,59.511566162109375,55.46613311767578,50.72651672363281,51.883296966552734,48.67411804199219
2015-05-01,39.511924743652344,35.42612838745117,33.127540588378906,30.55190086364746,29.244197845458984,31.0007381439209,35.391822814941406,41.09319305419922,44.59855651855469,47.76858139038086,48.06230163574219,48.270633697509766,46.92741394042969,43.833343505859375,41.519508361816406,39.373390197753906,39.72793197631836,44.515663146972656,49.761497497558594,50.78337478637695,48.57963562011719,45.508243560791016,47.70097732543945,43.675506591796875
2015-05-02,36.3808479309082,32.36669921875,29.98567008972168,27.92258071899414,26.905141830444336,28.290544509887695,31.35064125061035,35.246070861816406,38.67702102661133,42.66167449951172,42.850677490234375,43.63660430908203,42.828243255615234,39.60454559326172,36.87264633178711,35.27002716064453,35.679161071777344,40.06000900268555,45.63074493408203,47.15869140625,45.65880584716797,42.61991500854492,45.19390869140625,41.08436584472656
2015-05-03,32.804290771484375,29.19107437133789,27.109235763549805,25.637428283691406,24.02958106994629,24.19017219543457,24.136974334716797,26.16349220275879,30.66065788269043,33.56024169921875,34.17662048339844,33.913818359375,34.96526336669922,30.25446128845215,27.9472599029541,28.07341957092285,28.5329647064209,32.44876480102539,37.88307189941406,41.35398483276367,40.938987731933594,39.26259994506836,41.72223663330078,37.42621612548828
2015-05-04,31.30170440673828,28.066173553466797,25.369037628173828,22.40365219116211,22.19127655029297,26.142446517944336,34.76679992675781,44.226219177246094,47.71511459350586,49.104679107666016,48.80706024169922,49.33515167236328,47.58420944213867,45.92903137207031,44.04254150390625,42.494258880615234,42.50794219970703,45.89789962768555,49.13921356201172,49.331600189208984,46.15061950683594,43.16035461425781,45.70307540893555,40.809391021728516
2015-05-05,32.64025115966797,29.548887252807617,27.017576217651367,24.369226455688477,24.018497467041016,27.583843231201172,35.809959411621094,45.10765075683594,48.21245193481445,49.81625747680664,49.30777359008789,49.96833801269531,47.94927978515625,46.295814514160156,44.3247184753418,42.70797348022461,42.61528396606445,46.73944091796875,50.562416076660156,50.334197998046875,46.95813751220703,43.65757369995117,45.689430236816406,41.00873565673828
2015-05-06,37.297237396240234,33.406654357910156,30.842042922973633,28.104230880737305,27.45038414001465,30.28101921081543,37.29656982421875,45.6410026550293,48.649635314941406,50.71467971801758,50.58137130737305,51.216407775878906,49.279296875,46.904685974121094,44.75361633300781,42.81250762939453,42.883209228515625,47.1334342956543,51.73131561279297,52.054813385009766,49.054931640625,45.70716857910156,47.77388381958008,43.50819396972656
2015-05-07,31.962127685546875,28.81546401977539,26.272586822509766,23.818239212036133,23.285890579223633,26.053997039794922,32.053558349609375,39.50836944580078,43.11061096191406,45.36214828491211,45.69190979003906,46.38930892944336,44.89370346069336,42.637699127197266,40.53486633300781,38.90159606933594,39.24556350708008,42.97093200683594,47.105613708496094,47.11455154418945,45.375091552734375,42.7193717956543,45.051788330078125,40.30238342285156
2015-05-08,42.42927169799805,37.95105743408203,35.31665802001953,32.72127914428711,31.554039001464844,33.07255554199219,37.05173873901367,42.43669891357422,45.973262786865234,49.22200393676758,49.75387954711914,50.32563400268555,48.64795684814453,45.178340911865234,42.928565979003906,40.99649429321289,41.39808654785156,46.595603942871094,52.018165588378906,53.045074462890625,50.83411407470703,47.35518264770508,49.22346878051758,45.49570846557617
2015-05-09,37.46879959106445,33.02146530151367,31.23672103881836,29.27889633178711,28.11492156982422,28.48505401611328,30.74407386779785,33.67549514770508,37.11087417602539,41.7042121887207,41.903133392333984,42.83404541015625,41.55711364746094,37.631988525390625,35.27886962890625,33.993839263916016,34.701255798339844,39.25107955932617,44.739173889160156,46.2208251953125,44.99996566772461,42.68475341796875,44.92218017578125,40.91623306274414
2015-05-10,35.13978576660156,31.18579864501953,29.102113723754883,27.531448364257812,26.207632064819336,26.28140640258789,25.8690185546875,27.532669067382812,31.748144149780273,35.82525634765625,36.66399002075195,38.39399337768555,37.86065673828125,33.9490966796875,31.459980010986328,29.650846481323242,30.569793701171875,34.380245208740234,40.081520080566406,42.52607727050781,41.79158401489258,40.9776496887207,43.62713623046875,39.25843811035156
2015-05-11,42.86848831176758,38.692237854003906,35.98004150390625,32.77564239501953,32.10809326171875,35.41008758544922,43.213951110839844,52.187538146972656,55.70522689819336,57.40054702758789,57.01197052001953,57.14908981323242,54.74518966674805,52.51632308959961,50.479007720947266,48.20274353027344,48.19231414794922,53.54719161987305,58.80885314941406,58.521026611328125,54.383060455322266,50.12822723388672,51.345645904541016,47.63961410522461
2015-05-12,42.98929977416992,38.53874969482422,35.84458923339844,32.70737075805664,31.836780548095703,34.547550201416016,41.18440628051758,49.123634338378906,52.4306755065918,54.84599304199219,54.79444122314453,55.124202728271484,52.90244674682617,50.20939636230469,47.94582748413086,45.81734085083008,45.937198638916016,51.27872085571289,56.3972282409668,56.58608627319336,53.311580657958984,49.51729965209961,50.90145492553711,47.131568908691406
2015-05-13,37.9174690246582,33.75498962402344,31.24534797668457,28.735292434692383,27.8079891204834,30.33608627319336,35.614906311035156,42.45477294921875,45.70271301269531,48.0850944519043,48.23219299316406,48.770660400390625,47.10131072998047,44.26423263549805,42.288902282714844,40.4529914855957,40.929588317871094,45.279380798339844,49.85460662841797,50.43529510498047,48.40177917480469,45.210121154785156,47.344017028808594,43.20073318481445
2015-05-14,35.29184341430664,31.101173400878906,28.693389892578125,25.906295776367188,24.860363006591797,27.36924171447754,33.12619400024414,39.673912048339844,43.198020935058594,45.6551399230957,46.19656753540039,47.05615234375,45.56385040283203,42.487220764160156,40.43983459472656,38.58705139160156,38.96304702758789,42.92218780517578,46.97350311279297,47.76948547363281,46.004798889160156,43.81800079345703,46.17677688598633,41.639102935791016
2015-05-15,40.13351058959961,36.08598327636719,33.83247756958008,31.17162322998047,30.31597900390625,32.266502380371094,37.42750549316406,44.10255813598633,47.52981185913086,50.11518478393555,50.114871978759766,50.69438171386719,48.719783782958984,45.9560661315918,43.73958206176758,41.72639083862305,42.05710983276367,47.17744064331055,51.733428955078125,52.420570373535156,49.801456451416016,47.05400466918945,48.722381591796875,44.928707122802734
2015-05-16,40.678245544433594,36.275474548339844,34.24342346191406,32.243473052978516,31.279748916625977,31.582746505737305,33.23843002319336,36.32489013671875,40.684818267822266,44.43848419189453,44.908775329589844,45.4800910949707,43.81568145751953,40.216819763183594,37.115325927734375,35.51337814331055,36.465965270996094,41.68525695800781,47.656673431396484,48.926612854003906,47.52434539794922,45.05544662475586,47.443695068359375,43.50697326660156
2015-05-17,43.21185302734375,38.379539489746094,36.15585708618164,33.45885467529297,32.174949645996094,32.64804458618164,34.66603469848633,37.8172607421875,41.449832916259766,46.12669372558594,47.39908981323242,48.38550567626953,46.556640625,42.29920196533203,39.277320861816406,37.67109298706055,37.87045669555664,43.257240295410156,48.7815055847168,50.72382354736328,49.57067108154297,47.15141296386719,49.22569274902344,45.1297492980957
2015-05-18,42.3624267578125,38.28736114501953,35.28929138183594,31.632408142089844,31.132225036621094,35.11536407470703,44.5715217590332,54.63432312011719,58.02134704589844,59.38241195678711,59.080657958984375,59.18015670776367,56.663909912109375,54.78147888183594,52.470603942871094,50.573753356933594,50.362770080566406,55.76900100708008,60.089508056640625,59.55099868774414,55.40517044067383,50.933082580566406,52.08579635620117,48.30523681640625
2015-05-19,38.396507263183594,34.4969596862793,31.868886947631836,28.745445251464844,28.184452056884766,31.37154769897461,39.06360626220703,47.99268341064453,51.17867660522461,52.88376998901367,52.64837646484375,53.20655822753906,51.07815933227539,48.841583251953125,46.86052322387695,44.882503509521484,44.79880142211914,49.59511184692383,53.67932891845703,53.847694396972656,50.780914306640625,47.31996536254883,48.81012725830078,44.49479293823242
2015-05-20,39.16048812866211,35.13572692871094,32.67782211303711,30.087751388549805,29.26279640197754,31.511585235595703,37.332305908203125,44.78345489501953,47.95664596557617,50.248291015625,50.41218948364258,50.796630859375,48.69243240356445,46.20401382446289,44.16075134277344,42.24200439453125,42.54478454589844,47.47349548339844,51.81999969482422,52.273101806640625,49.5626220703125,46.50392150878906,48.33462905883789,44.1290397644043
2015-05-21,35.88142013549805,32.34134292602539,29.693668365478516,27.131704330444336,26.4367733001709,28.626861572265625,34.164825439453125,41.47426223754883,44.509521484375,46.669166564941406,47.14382553100586,47.810306549072266,46.27589416503906,43.69051742553711,41.30805206298828,39.912322998046875,39.63938522338867,44.338008880615234,48.19526290893555,49.12858581542969,47.08298110961914,44.122344970703125,46.37724685668945,41.862274169921875
2015-05-22,32.49720764160156,28.633682250976562,26.716901779174805,24.101049423217773,23.38751220703125,26.003292083740234,31.34390640258789,38.50989532470703,41.81119155883789,43.469390869140625,43.641136169433594,44.523075103759766,42.716861724853516,40.53797149658203,38.65491485595703,36.90105438232422,36.99624252319336,40.81442642211914,44.97749328613281,45.99391555786133,43.47454833984375,41.63043975830078,44.14734649658203,39.09819412231445
2015-05-23,27.84921646118164,25.061798095703125,22.408096313476562,21.090290069580078,19.752033233642578,20.88192367553711,22.715303421020508,25.51927375793457,28.98319435119629,31.309215545654297,31.969768524169922,34.96282958984375,33.660362243652344,30.92194175720215,28.837373733520508,27.71936798095703,27.93045997619629,31.053754806518555,33.07360076904297,37.406288146972656,37.740325927734375,37.130157470703125,39.70159912109375,33.8673095703125
2015-05-24,23.25695037841797,19.494842529296875,17.620763778686523,16.824108123779297,15.346491813659668,16.288097381591797,12.940404891967773,12.910888671875,17.08356475830078,20.574047088623047,22.805328369140625,23.7641658782959,27.256250381469727,22.687152862548828,20.50591278076172,19.987192153930664,20.557222366333008,19.57945442199707,26.031023025512695,30.305810928344727,32.58043670654297,32.202796936035156,36.53160095214844,30.994121551513672
2015-05-25,23.939693450927734,20.812023162841797,18.637041091918945,15.398674964904785,15.25676441192627,18.542560577392578,23.14501190185547,28.9154052734375,31.92096519470215,33.566951751708984,34.241424560546875,35.730323791503906,35.817378997802734,32.970951080322266,32.4741096496582,30.145606994628906,30.242055892944336,34.46001052856445,34.7980842590332,37.294918060302734,37.20949172973633,36.21408462524414,38.40118408203125,33.59254455566406
2015-05-26,28.174823760986328,25.36599349975586,23.51646614074707,21.154621124267578,20.71188735961914,23.230703353881836,28.426591873168945,36.265045166015625,39.1988410949707,41.113155364990234,41.382530212402344,42.470947265625,41.22876739501953,39.282920837402344,37.267032623291016,35.531612396240234,35.68053436279297,39.44184112548828,41.44459533691406,43.070865631103516,41.394325256347656,39.37806701660156,41.698734283447266,36.786190032958984
2015-05-27,30.480079650878906,27.063316345214844,24.51102066040039,22.448074340820312,21.76544952392578,24.796478271484375,31.164472579956055,38.734275817871094,41.52215576171875,43.598358154296875,43.859344482421875,44.38905715942383,43.04959487915039,40.55265808105469,38.97821807861328,37.372623443603516,37.33841323852539,41.63140106201172,43.5872802734375,45.19512939453125,43.38853454589844,41.13755798339844,43.30449295043945,38.61115264892578
2015-05-28,32.19807434082031,29.20992660522461,27.151504516601562,24.298038482666016,23.75771141052246,26.005373001098633,30.708576202392578,36.6607666015625,39.726226806640625,42.14649200439453,42.039642333984375,42.872100830078125,41.2719841003418,38.447452545166016,36.812808990478516,35.57731628417969,35.6773681640625,39.385154724121094,42.83367919921875,44.493614196777344,43.133056640625,40.80756378173828,43.40357208251953,38.81293869018555
2015-05-29,35.42159652709961,31.687599182128906,29.486743927001953,27.124298095703125,26.14738655090332,28.34261131286621,33.5500373840332,39.524017333984375,42.80795669555664,45.41181182861328,45.50371551513672,46.59226608276367,44.87437438964844,41.964508056640625,40.11920166015625,38.52875900268555,38.69279098510742,42.72369384765625,46.428340911865234,47.792606353759766,45.83736801147461,43.8182258605957,45.922996520996094,41.521549224853516
2015-05-30,28.73618507385254,25.894859313964844,23.748220443725586,22.315109252929688,20.68778419494629,21.118370056152344,21.189361572265625,23.594141006469727,26.320600509643555,29.092071533203125,29.571338653564453,30.28862953186035,30.098384857177734,27.01844596862793,25.278820037841797,24.014101028442383,25.209686279296875,29.131093978881836,33.109474182128906,36.43120574951172,35.96196365356445,36.486328125,39.48779296875,33.5888557434082
2015-05-31,20.743396759033203,18.392303466796875,16.970611572265625,18.213897705078125,15.563791275024414,14.025205612182617,12.07066535949707,11.81290054321289,15.886604309082031,18.157691955566406,20.350723266601562,22.18323516845703,22.72466278076172,20.002450942993164,18.49540138244629,16.807769775390625,16.778654098510742,19.54349708557129,19.915576934814453,26.482330322265625,28.239885330200195,29.541358947753906,34.64726638793945,29.43310546875
2015-06-01,24.28963279724121,21.42087173461914,19.10573959350586,16.818206787109375,16.855327606201172,20.274425506591797,27.372482299804688,35.33127975463867,39.155067443847656,39.01207733154297,39.60858154296875,41.93628692626953,39.724571228027344,38.18972396850586,36.98148727416992,35.65800476074219,35.86921691894531,38.284873962402344,39.1334342956543,40.787025451660156,38.880455017089844,38.410057067871094,40.78936767578125,34.723838806152344
2015-06-02,40.037498474121094,36.10359191894531,33.561302185058594,30.345571517944336,29.76536750793457,33.07712173461914,40.74951171875,50.01620101928711,53.17356872558594,54.98651123046875,54.75893020629883,55.1964225769043,52.97100067138672,50.681190490722656,48.67437744140625,46.607765197753906,46.56502151489258,51.3745231628418,55.287628173828125,55.56425094604492,52.36943435668945,48.70814895629883,49.91193771362305,45.775272369384766
2015-06-03,31.423446655273438,28.535024642944336,26.110553741455078,23.295242309570312,22.74802017211914,26.00760269165039,33.11744689941406,41.840999603271484,45.13309097290039,46.642765045166016,46.89178466796875,47.625675201416016,45.891353607177734,43.96364974975586,42.183250427246094,40.32544708251953,40.64455795288086,44.03441619873047,46.0640869140625,46.937931060791016,45.017391204833984,42.56370162963867,44.743629455566406,39.93177032470703
2015-06-04,39.92562484741211,35.75157928466797,33.287437438964844,30.349695205688477,29.545133590698242,32.04216384887695,37.89913558959961,45.26324462890625,48.57461166381836,51.07917785644531,51.31583786010742,51.72412109375,49.791595458984375,47.02023696899414,44.7022819519043,42.72693634033203,42.8715705871582,47.786441802978516,52.01729965209961,52.630462646484375,50.20452117919922,47.13184356689453,48.77965545654297,44.67677688598633
2015-06-05,43.13776779174805,38.70821762084961,36.36970138549805,33.45653533935547,32.52286911010742,34.82162857055664,40.62545394897461,48.4456672668457,51.54104232788086,54.19734573364258,54.240386962890625,54.6734733581543,52.39772415161133,49.7664794921875,47.209693908691406,45.26154708862305,45.316368103027344,50.46480941772461,55.40473175048828,55.82341003417969,52.73192596435547,48.94545364379883,50.41963195800781,46.81553649902344
2015-06-06,37.249122619628906,32.66558074951172,30.652551651000977,28.406158447265625,27.331125259399414,28.015914916992188,29.914623260498047,34.20306396484375,38.2725830078125,41.374847412109375,42.29075622558594,43.02964782714844,41.889808654785156,38.08304214477539,35.608123779296875,33.89397048950195,34.42951965332031,39.25003433227539,42.93781280517578,44.78237533569336,44.44915008544922,43.09978103637695,45.031368255615234,40.844825744628906
2015-06-07,28.243144989013672,24.548439025878906,23.48507308959961,21.448711395263672,19.318313598632812,18.55844497680664,17.678483963012695,14.919387817382812,18.807525634765625,23.72361946105957,26.340713500976562,29.153881072998047,28.383804321289062,24.69942855834961,21.796443939208984,20.69107437133789,21.609464645385742,26.048749923706055,27.728343963623047,31.192123413085938,33.466285705566406,35.11492156982422,37.96556091308594,32.92119598388672
2015-06-08,28.485809326171875,26.642309188842773,23.52898406982422,19.511768341064453,20.055374145507812,26.26727867126465,37.35895538330078,49.740875244140625,52.563968658447266,52.8676643371582,52.59846496582031,53.537315368652344,51.225013732910156,49.94971466064453,48.10117721557617,46.188758850097656,46.29881286621094,49.507694244384766,50.931522369384766,51.32575225830078,48.190895080566406,44.36996841430664,46.34877395629883,40.705989837646484
2015-06-09,32.337554931640625,29.234405517578125,26.328096389770508,23.659090042114258,22.56611442565918,25.69896697998047,31.971710205078125,39.36016082763672,43.059471130371094,45.1148567199707,45.42144775390625,46.29563903808594,44.66532897949219,42.605133056640625,40.393104553222656,38.24287414550781,38.52675247192383,42.71794891357422,45.30572509765625,46.27553939819336,44.092498779296875,41.99360275268555,44.678714752197266,39.87664794921875
2015-06-10,31.13365936279297,27.761232376098633,25.0135555267334,21.942123413085938,21.650184631347656,25.773181915283203,34.30923843383789,43.535728454589844,46.867332458496094,47.93946838378906,48.116546630859375,49.30712890625,47.290809631347656,45.44327926635742,43.793392181396484,42.00361251831055,41.7943000793457,45.484901428222656,47.75202941894531,48.51955795288086,45.88233184814453,43.02289962768555,45.1630973815918,40.32542419433594
2015-06-11,33.53829574584961,29.66241455078125,27.733203887939453,25.1458797454834,24.573974609375,27.123397827148438,33.86876678466797,41.84345626831055,44.92499923706055,46.90715408325195,46.78720474243164,48.09229278564453,46.40908432006836,43.9670295715332,42.1292839050293,40.35370635986328,40.40247344970703,44.26811981201172,47.06650161743164,47.558380126953125,45.795169830322266,43.05881881713867,45.554107666015625,41.117488861083984
2015-06-12,32.947750091552734,29.81711769104004,27.210485458374023,24.901668548583984,24.159671783447266,26.861125946044922,33.607295989990234,41.63703155517578,45.13241958618164,47.31202697753906,47.45586395263672,48.283485412597656,46.521949768066406,44.33811950683594,41.82694625854492,40.45536422729492,40.893463134765625,44.807804107666016,47.37147903442383,48.150203704833984,46.007843017578125,43.167991638183594,45.416534423828125,40.82253646850586
2015-06-13,34.578369140625,30.959299087524414,28.87067413330078,27.007450103759766,25.61206817626953,25.517345428466797,25.413135528564453,26.911054611206055,31.52912712097168,35.12117004394531,36.191986083984375,36.60120391845703,36.25835418701172,31.974864959716797,29.753009796142578,28.161779403686523,28.537935256958008,33.62391662597656,37.72370147705078,40.548641204833984,40.39093780517578,39.47178649902344,43.22596740722656,38.65476989746094
2015-06-14,22.829254150390625,17.75611686706543,17.553964614868164,16.625377655029297,13.889202117919922,13.087959289550781,10.407398223876953,9.420886993408203,11.952735900878906,15.649356842041016,18.967945098876953,20.85403060913086,20.540760040283203,15.736968994140625,13.159725189208984,13.26239013671875,15.102039337158203,15.539421081542969,16.836631774902344,23.3377742767334,27.195722579956055,31.14662742614746,34.20635223388672,27.91306495666504
2015-06-15,26.81338882446289,23.890663146972656,21.43157386779785,18.52003288269043,18.325847625732422,22.481952667236328,30.46059799194336,39.47113037109375,43.41230010986328,44.58861541748047,44.40119934082031,45.29646301269531,44.03885269165039,42.2194938659668,40.215614318847656,38.867923736572266,39.18429946899414,41.31597137451172,42.6624870300293,44.02515411376953,42.810794830322266,40.38776779174805,43.239501953125,37.65250778198242
2015-06-16,28.550880432128906,26.268096923828125,23.715728759765625,21.062110900878906,20.697647094726562,24.034053802490234,31.004138946533203,40.570068359375,43.61546325683594,45.1298828125,45.24958419799805,46.4150505065918,44.53136444091797,42.621925354003906,41.179893493652344,38.68359375,39.11978530883789,42.12037658691406,43.38198471069336,44.754886627197266,43.11298370361328,40.863407135009766,43.308414459228516,38.17202377319336
2015-06-17,37.93867874145508,33.87545394897461,31.836177825927734,29.4649715423584,28.52408218383789,29.99248504638672,34.11429977416992,40.13416290283203,43.48375701904297,46.293670654296875,46.65319061279297,47.36283493041992,45.861915588378906,42.57392501831055,40.607879638671875,38.61138916015625,38.91733169555664,43.524600982666016,47.534889221191406,48.399417877197266,46.92035675048828,44.698829650878906,46.377601623535156,42.38563537597656
2015-06-18,38.26863098144531,34.431785583496094,32.42511749267578,29.931533813476562,28.92167854309082,30.95737648010254,35.76508712768555,42.54915237426758,45.848087310791016,48.0799560546875,48.19675827026367,48.833518981933594,47.20716857910156,44.49315643310547,42.413604736328125,40.36366653442383,40.75018310546875,45.46967315673828,49.409297943115234,49.732234954833984,48.06150817871094,45.48191452026367,47.263526916503906,43.044124603271484
2015-06-19,39.85625457763672,35.987701416015625,33.68086242675781,31.03648567199707,30.219179153442383,32.747276306152344,39.04262924194336,47.181026458740234,50.63951873779297,52.775936126708984,52.66292953491211,53.069679260253906,50.977264404296875,48.486305236816406,46.2729377746582,44.15624237060547,44.37322235107422,49.30397033691406,53.504276275634766,54.00022506713867,51.178951263427734,47.452335357666016,49.03581619262695,45.0322380065918
2015-06-20,34.65073013305664,31.115806579589844,29.10387420654297,27.354145050048828,25.578163146972656,26.256940841674805,26.26766586303711,27.997474670410156,31.412282943725586,34.96935272216797,35.342506408691406,37.55433654785156,37.521156311035156,33.587520599365234,30.52604103088379,29.746139526367188,30.28142547607422,34.31047821044922,36.47321319580078,39.198448181152344,40.97508239746094,39.7467155456543,42.714599609375,38.04766845703125
2015-06-21,39.235069274902344,35.141212463378906,33.188880920410156,30.68509864807129,29.168298721313477,30.443328857421875,31.61688804626465,34.156314849853516,38.25497817993164,42.05696487426758,43.01140213012695,43.39500045776367,42.162052154541016,38.663883209228516,35.81624221801758,34.129051208496094,35.29792404174805,40.28953170776367,44.58612823486328,45.396785736083984,45.68254852294922,43.67045974731445,46.090641021728516,42.135704040527344
2015-06-22,33.53778076171875,30.387638092041016,27.901897430419922,25.03046417236328,24.620759963989258,28.5833740234375,37.979854583740234,48.85175323486328,52.199222564697266,53.157962799072266,53.03940963745117,53.713661193847656,51.60054397583008,49.88536834716797,48.010955810546875,45.74062728881836,45.73097229003906,50.395938873291016,52.85302734375,52.94844055175781,49.35806655883789,45.37078094482422,47.396217346191406,42.82766342163086
2015-06-23,32.991756439208984,29.78296661376953,27.68437957763672,25.4899845123291,24.766353607177734,27.127077102661133,32.72602081298828,40.80475616455078,43.954345703125,45.78770065307617,46.163028717041016,46.87307357788086,45.40325164794922,42.94234085083008,41.1594352722168,39.396976470947266,39.44691848754883,43.68349838256836,46.46504211425781,47.81232452392578,45.613826751708984,42.711181640625,44.956947326660156,40.7089729309082
2015-06-24,39.23149490356445,35.081520080566406,33.05469512939453,30.436111450195312,29.3911075592041,31.44474983215332,36.00340270996094,42.63120651245117,45.99412155151367,48.718082427978516,48.995479583740234,49.659507751464844,47.769187927246094,44.91542434692383,42.73060989379883,40.67770004272461,41.024559020996094,45.78824996948242,49.77350616455078,50.6920051574707,48.884300231933594,45.85538864135742,47.83434295654297,43.704002380371094
2015-06-25,37.82678985595703,33.93135452270508,31.591020584106445,29.007308959960938,28.27458381652832,30.915800094604492,37.26290512084961,45.43341827392578,48.751853942871094,51.02520751953125,51.04812240600586,51.670982360839844,49.704246520996094,47.12864685058594,44.98367691040039,43.03483963012695,43.137359619140625,48.061397552490234,51.6726188659668,52.25913619995117,49.50014114379883,46.08269500732422,48.06529235839844,43.836830139160156
2015-06-26,37.086761474609375,33.27762985229492,30.861957550048828,28.381816864013672,27.599458694458008,30.128490447998047,36.19906234741211,44.001617431640625,47.30398178100586,49.68959045410156,49.941585540771484,50.580841064453125,48.70892333984375,46.169342041015625,44.08366012573242,42.24198532104492,42.350093841552734,46.951839447021484,50.472957611083984,51.075984954833984,48.72429275512695,45.44205093383789,47.428306579589844,43.16246032714844
2015-06-27,38.996158599853516,34.8143310546875,32.72071075439453,30.271902084350586,29.16862678527832,31.14223861694336,35.84971618652344,42.26496887207031,45.56378173828125,48.49739074707031,48.91795349121094,49.42998504638672,47.64036178588867,44.83310317993164,42.44407653808594,40.60655975341797,41.10429382324219,45.64522171020508,49.72740173339844,50.40348815917969,48.75051498413086,45.827842712402344,47.857460021972656,43.625091552734375
2015-06-28,32.15491485595703,28.057876586914062,25.770336151123047,24.01125717163086,22.616952896118164,23.134933471679688,23.277023315429688,23.90579605102539,26.351022720336914,30.86736297607422,32.29552459716797,33.814537048339844,33.19863510131836,29.433958053588867,26.743064880371094,26.19377326965332,27.011356353759766,30.81960678100586,33.33824157714844,37.11111831665039,37.27054214477539,37.90867614746094,41.22093200683594,36.739402770996094
2015-06-29,35.57190704345703,32.10045623779297,29.631349563598633,26.851234436035156,26.340396881103516,29.700153350830078,37.44972229003906,46.861087799072266,49.85042190551758,51.78285598754883,51.380393981933594,52.0634651184082,50.06840133666992,48.0427360534668,46.050331115722656,44.10968017578125,44.169281005859375,48.72662353515625,51.841182708740234,52.074554443359375,48.901737213134766,45.62060546875,47.51171112060547,42.953460693359375
2015-06-30,39.14846420288086,35.38111877441406,32.86491394042969,30.132688522338867,29.447446823120117,32.412811279296875,39.223060607910156,47.75788116455078,51.12706756591797,53.27401351928711,53.00093078613281,53.47560119628906,51.31306457519531,49.03741455078125,46.913299560546875,44.87491989135742,44.98344421386719,50.11982727050781,54.007606506347656,54.101131439208984,51.06925582885742,47.35673904418945,49.037872314453125,45.019126892089844
2015-07-01,39.40414047241211,35.67089080810547,33.20172119140625,30.487098693847656,29.900365829467773,32.71569061279297,39.64067459106445,48.22712326049805,51.626686096191406,53.74639129638672,53.43922805786133,53.89258575439453,51.72428512573242,49.436119079589844,47.30552291870117,45.298805236816406,45.43317794799805,50.421241760253906,54.24213790893555,54.463645935058594,51.18025588989258,47.54475784301758,49.16682052612305,45.14752197265625
2015-07-02,45.52143859863281,41.45088577270508,38.805362701416016,35.42298889160156,35.08167266845703,39.118709564208984,46.86114501953125,57.629730224609375,60.89354705810547,62.36884689331055,61.2645263671875,61.27311325073242,58.76033020019531,56.681053161621094,54.33845138549805,52.13075256347656,51.70613098144531,57.705322265625,62.47909164428711,62.226173400878906,58.01588439941406,52.64226531982422,53.25897216796875,49.81954574584961
2015-07-03,49.20155715942383,45.47228240966797,42.785640716552734,38.844478607177734,38.01228713989258,41.156890869140625,48.77692413330078,57.71965408325195,61.54143142700195,63.6953010559082,63.01121520996094,62.329689025878906,59.65168762207031,56.94215774536133,54.802738189697266,52.14329147338867,52.12253952026367,58.639095306396484,64.7541275024414,64.32970428466797,60.24220657348633,54.42637634277344,54.84505844116211,51.847129821777344
2015-07-04,41.817752838134766,37.686275482177734,35.56118392944336,33.0962028503418,31.945404052734375,33.44609832763672,36.94759750366211,42.10848617553711,45.780296325683594,49.23832702636719,49.48652648925781,50.12611389160156,48.184200286865234,45.017024993896484,42.537940979003906,40.560394287109375,40.69667434692383,45.875885009765625,50.86216354370117,51.729827880859375,50.253971099853516,47.388328552246094,48.98231506347656,45.03901672363281
2015-07-05,35.73011779785156,31.234241485595703,29.374588012695312,27.228761672973633,26.05040740966797,26.998626708984375,28.928585052490234,32.560054779052734,35.422332763671875,39.349124908447266,39.95880889892578,41.113868713378906,40.15738296508789,36.8106803894043,34.24336242675781,33.127750396728516,33.38273239135742,37.21893310546875,41.38254165649414,42.623600006103516,42.85968780517578,41.3990364074707,44.128604888916016,39.39459228515625
2015-07-06,37.77617263793945,34.13469314575195,31.888687133789062,29.16735076904297,28.58042335510254,31.31342315673828,37.950096130371094,46.405757904052734,49.7403678894043,51.75815200805664,51.73080825805664,52.17435073852539,50.2292594909668,47.98712158203125,45.82843017578125,43.829612731933594,43.96178436279297,48.60060119628906,52.336307525634766,52.76937484741211,49.785919189453125,46.267452239990234,48.13900375366211,44.01935577392578
2015-07-07,43.53384017944336,39.546688079833984,36.8048095703125,33.58330535888672,33.15779113769531,37.30179214477539,47.41963195800781,58.768123626708984,62.27649688720703,63.239952087402344,62.504539489746094,62.24204635620117,59.4997444152832,57.56671142578125,55.86913299560547,53.51716613769531,53.185916900634766,59.86503601074219,63.70779037475586,63.314701080322266,57.979469299316406,52.224151611328125,52.88439178466797,49.232261657714844
2015-07-08,39.79905319213867,36.05897521972656,33.53194808959961,30.491579055786133,30.279998779296875,34.13486862182617,43.22077178955078,54.515933990478516,57.134315490722656,58.40416717529297,57.78408432006836,57.867164611816406,55.626522064208984,53.71424102783203,52.011695861816406,49.85666275024414,49.88652038574219,54.99378204345703,59.157623291015625,58.47335433959961,54.126014709472656,49.36174774169922,50.51936340332031,46.58515167236328
2015-07-09,41.854496002197266,37.929588317871094,35.460792541503906,32.60902786254883,31.93701171875,35.13148880004883,42.57963180541992,51.81765365600586,55.37815856933594,56.775543212890625,56.51531219482422,56.59629821777344,54.308799743652344,52.22461700439453,50.00246810913086,48.036861419677734,48.02458953857422,53.4336051940918,57.88776397705078,57.95741653442383,54.19105911254883,49.57158660888672,50.83566665649414,47.17984390258789
2015-07-10,41.94430160522461,37.912078857421875,35.3349494934082,32.401405334472656,31.8293514251709,35.14025115966797,42.887264251708984,52.70711898803711,55.7903938293457,57.26321792602539,56.79216384887695,57.16537094116211,54.90082550048828,52.748592376708984,50.620243072509766,48.649417877197266,48.63749694824219,53.92776870727539,58.16302490234375,58.21864700317383,54.34030532836914,49.796241760253906,51.07832336425781,47.29143142700195
2015-07-11,38.03771209716797,33.777034759521484,31.734182357788086,29.699331283569336,28.193735122680664,29.60630989074707,32.175228118896484,35.26317596435547,39.143470764160156,42.62665557861328,43.58198547363281,44.06103515625,42.636287689208984,39.71839904785156,36.721221923828125,35.19479751586914,35.766441345214844,40.61778259277344,44.505157470703125,45.470603942871094,45.2292366027832,43.77766799926758,45.78397750854492,41.63127517700195
2015-07-12,36.90958023071289,32.4793586730957,30.45115089416504,28.990509033203125,27.445955276489258,27.871536254882812,26.647037506103516,27.31863784790039,31.140796661376953,34.93254852294922,36.601776123046875,38.13257598876953,37.021480560302734,33.25975799560547,30.68500518798828,28.40747833251953,29.356151580810547,34.275848388671875,39.030391693115234,41.609840393066406,41.66950988769531,41.14955520629883,44.40855407714844,39.34197235107422
2015-07-13,32.49958038330078,29.461891174316406,27.00151824951172,24.109289169311523,23.62530517578125,27.854717254638672,36.68272018432617,47.1103401184082,50.12057113647461,51.345069885253906,50.8723258972168,51.43861389160156,49.29380416870117,47.881526947021484,46.28026580810547,44.31254577636719,44.323482513427734,48.09440612792969,50.13818359375,50.302642822265625,47.46074295043945,44.118247985839844,45.908531188964844,41.364627838134766
2015-07-14,35.61505889892578,31.81912612915039,29.507949829101562,26.952194213867188,26.138599395751953,28.70953941345215,34.77222442626953,42.435035705566406,45.66069030761719,47.90507507324219,47.88081359863281,48.56129455566406,47.06798553466797,44.64910125732422,42.411705017089844,40.75617980957031,40.867034912109375,45.35502624511719,48.5606803894043,49.19233703613281,46.830833435058594,44.22054672241211,46.15303039550781,41.72026062011719
2015-07-15,37.789981842041016,34.094322204589844,31.67955207824707,28.926671981811523,28.316864013671875,31.56060218811035,39.04033279418945,48.41196060180664,51.357025146484375,52.97257614135742,52.751220703125,53.200782775878906,51.200706481933594,49.09370422363281,47.075950622558594,45.01087951660156,45.024513244628906,49.9169921875,53.34902572631836,53.35490798950195,50.27403259277344,46.4063720703125,48.04727554321289,44.01183319091797
2015-07-16,42.8910026550293,38.88723373413086,36.55228042602539,33.36956024169922,32.78187561035156,35.72285842895508,42.942649841308594,52.095314025878906,55.1130256652832,57.13128662109375,56.85017776489258,56.88426971435547,54.64342498779297,52.209896087646484,49.98680877685547,47.93585968017578,47.92622756958008,53.46134567260742,58.350826263427734,58.16138458251953,54.39056396484375,49.90373611450195,51.02676773071289,47.5355110168457
2015-07-17,41.9594612121582,37.97690963745117,35.64371109008789,32.67851638793945,31.9724063873291,34.64752197265625,41.247764587402344,49.797969818115234,52.83287048339844,54.89882278442383,54.84247970581055,55.04798126220703,52.986846923828125,50.40800094604492,48.19047164916992,46.04376983642578,46.117652893066406,51.505149841308594,56.062374114990234,56.15823745727539,52.87418746948242,48.85715103149414,50.20088195800781,46.397987365722656
2015-07-18,39.738677978515625,35.436824798583984,33.36400604248047,31.06308364868164,29.819910049438477,30.885927200317383,33.35390853881836,37.293128967285156,40.87438201904297,44.48302459716797,45.380126953125,46.01835250854492,44.467403411865234,41.285011291503906,38.884239196777344,36.943607330322266,37.34859085083008,42.537967681884766,46.833892822265625,48.88119888305664,47.046783447265625,44.7728385925293,47.118656158447266,43.10973358154297
2015-07-19,37.95803451538086,34.02958297729492,32.26585006713867,29.934383392333984,28.47389030456543,28.864620208740234,28.45825958251953,30.65004539489746,34.32749938964844,38.56006622314453,40.225746154785156,40.83503723144531,40.04568862915039,35.415225982666016,32.409400939941406,31.031272888183594,32.099952697753906,37.179969787597656,41.88986587524414,44.27595520019531,44.52794647216797,42.56486129760742,45.06537628173828,41.10289764404297
2015-07-20,35.29482650756836,31.976333618164062,29.66352081298828,26.8511905670166,26.537506103515625,30.09901237487793,38.27775955200195,48.24677276611328,51.19550323486328,52.30971908569336,52.09611129760742,52.61471939086914,50.55198287963867,48.65532302856445,46.73469161987305,44.87216567993164,44.989070892333984,49.182376861572266,52.248016357421875,52.35139465332031,49.362266540527344,45.36674499511719,47.28931427001953,42.9315185546875
2015-07-21,38.688846588134766,34.96498107910156,32.68709945678711,29.94069480895996,29.3975772857666,32.24413299560547,39.071922302246094,47.8791389465332,50.96234130859375,52.76498794555664,52.609535217285156,53.02668380737305,51.052825927734375,48.80449295043945,46.774253845214844,44.73245620727539,44.82536697387695,49.59080123901367,53.385528564453125,53.68614959716797,50.73001480102539,46.82048416137695,48.360618591308594,44.486915588378906
2015-07-22,42.806304931640625,38.97577667236328,36.64259338378906,33.26304244995117,32.751461029052734,35.91951370239258,43.14810562133789,52.31122970581055,55.4239387512207,57.34190368652344,57.037967681884766,57.18031692504883,55.22513198852539,52.90446853637695,50.73564910888672,48.60576629638672,48.4423942565918,53.97582244873047,58.767173767089844,58.828102111816406,54.80536651611328,50.11870193481445,51.35011291503906,47.66217041015625
2015-07-23,40.09572219848633,36.29631423950195,33.88445281982422,30.97024154663086,30.55141258239746,33.796939849853516,41.59072494506836,51.311100006103516,54.56709289550781,56.006080627441406,55.51327896118164,55.859561920166016,53.83816146850586,51.854698181152344,49.690067291259766,47.49812316894531,47.47456359863281,52.59766387939453,56.69408416748047,56.81161880493164,52.742515563964844,48.38158416748047,49.74495315551758,45.91165542602539
2015-07-24,42.02995300292969,37.93598175048828,35.688232421875,32.83713150024414,31.957660675048828,34.41487121582031,40.53135299682617,48.54636764526367,52.001041412353516,54.1521110534668,53.99442672729492,54.13869857788086,52.39647674560547,49.9253044128418,47.55632400512695,45.39705276489258,45.47815704345703,50.816551208496094,55.4486198425293,56.095436096191406,52.6651725769043,48.52613067626953,50.14384460449219,46.468936920166016
2015-07-25,36.69349670410156,32.71106719970703,30.8079833984375,28.66093635559082,27.481346130371094,28.682056427001953,31.625423431396484,36.834999084472656,40.326385498046875,43.33367156982422,43.649112701416016,44.422325134277344,43.22846221923828,40.02424240112305,37.60258483886719,36.055294036865234,36.82767868041992,41.42658996582031,45.06473159790039,46.11321258544922,45.44413375854492,42.974082946777344,45.3917350769043,41.078765869140625
2015-07-26,26.544208526611328,22.392501831054688,20.353363037109375,18.796464920043945,16.635486602783203,16.56111717224121,14.147350311279297,12.966278076171875,14.239276885986328,21.616600036621094,26.13812255859375,25.875391006469727,25.261507034301758,21.030315399169922,18.611148834228516,18.467191696166992,19.434574127197266,24.18598747253418,27.433435440063477,30.616870880126953,31.53301429748535,33.534568786621094,36.4205207824707,31.54944610595703
2015-07-27,29.25855827331543,26.290851593017578,24.325878143310547,21.670047760009766,21.973255157470703,25.592262268066406,34.28622817993164,44.273948669433594,47.45397186279297,48.280548095703125,47.29521179199219,48.44757080078125,46.59764099121094,45.2136116027832,43.867549896240234,42.13362503051758,42.320281982421875,45.732112884521484,47.48786163330078,47.34499740600586,44.88436508178711,41.64926528930664,44.082298278808594,39.382591247558594
2015-07-28,28.708187103271484,25.206552505493164,23.10488510131836,20.637420654296875,21.054302215576172,24.618480682373047,31.53226089477539,41.470489501953125,44.49098205566406,45.84442901611328,45.164207458496094,45.98876190185547,44.398563385009766,43.03123474121094,41.666812896728516,39.67848587036133,39.7916374206543,42.474517822265625,44.67716598510742,44.61872482299805,43.17222213745117,40.5068473815918,43.24545669555664,38.29629898071289
2015-07-29,28.619884490966797,25.68014144897461,23.380680084228516,21.07403564453125,20.857337951660156,23.639774322509766,30.83435821533203,38.621463775634766,41.13872146606445,42.892433166503906,43.16976547241211,44.35566711425781,42.122432708740234,40.930503845214844,39.36433792114258,37.111541748046875,37.2071533203125,40.522274017333984,43.23274230957031,43.58213424682617,41.69112777709961,39.910064697265625,43.16167449951172,37.62229537963867
2015-07-30,25.87478256225586,22.948198318481445,20.201892852783203,18.353618621826172,18.296894073486328,21.794322967529297,29.699935913085938,38.129547119140625,41.43022537231445,41.81904983520508,41.94416046142578,43.131038665771484,41.814788818359375,40.35871887207031,38.890132904052734,37.247535705566406,37.407432556152344,39.690673828125,41.5755729675293,42.245479583740234,40.5295524597168,38.40570831298828,41.337493896484375,36.140533447265625
2015-07-31,34.29502487182617,31.088626861572266,29.01732063293457,26.2891845703125,25.792984008789062,28.3200626373291,33.82234191894531,41.01067352294922,43.97804260253906,46.389610290527344,46.4288330078125,47.02199935913086,45.69100570678711,43.201656341552734,41.22019958496094,39.33134460449219,39.63511276245117,43.628475189208984,46.6572380065918,47.6922607421875,46.10740661621094,43.262115478515625,45.31236267089844,41.55902862548828
2015-08-01,32.48394012451172,29.47943115234375,27.196269989013672,25.941068649291992,24.439788818359375,23.654712677001953,23.396081924438477,25.07328987121582,28.64990997314453,32.73290252685547,35.20704650878906,34.75309753417969,35.40118408203125,31.18296241760254,29.610265731811523,26.668169021606445,27.56422996520996,31.69809913635254,35.94670867919922,38.84962844848633,39.887569427490234,38.97834396362305,42.03252029418945,37.7028694152832
2015-08-02,26.873580932617188,23.529300689697266,22.215757369995117,20.750120162963867,19.199447631835938,19.08633041381836,16.347164154052734,17.068359375,18.036422729492188,23.063739776611328,25.574462890625,27.14869499206543,25.51446533203125,22.870058059692383,21.004079818725586,18.830711364746094,20.219196319580078,24.650917053222656,26.22622299194336,30.17316246032715,32.17249298095703,33.377601623535156,36.443424224853516,32.9067497253418
2015-08-03,39.00184631347656,35.00640106201172,32.69153594970703,30.1695613861084,29.106536865234375,31.338279724121094,36.592288970947266,43.56232452392578,47.097084045410156,49.387508392333984,49.726036071777344,50.383949279785156,48.86392593383789,46.048091888427734,43.70353317260742,41.94853973388672,42.11396789550781,46.71047592163086,51.0633544921875,51.70930862426758,49.187950134277344,45.9954833984375,47.99062728881836,44.14104461669922
2015-08-04,34.30153274536133,30.6857852935791,28.373680114746094,26.156375885009766,25.10736083984375,27.593965530395508,33.328826904296875,40.994300842285156,44.238250732421875,46.22257995605469,46.42304611206055,47.357582092285156,45.897891998291016,43.43486404418945,41.1811637878418,39.788055419921875,39.74264907836914,43.58182907104492,46.974979400634766,47.65842819213867,45.81669235229492,43.180076599121094,45.08557891845703,40.917152404785156
2015-08-05,36.791866302490234,32.9298095703125,30.82231903076172,28.46035385131836,27.654407501220703,29.18924331665039,33.273494720458984,39.43157196044922,42.5488166809082,45.36391067504883,45.85122299194336,46.588375091552734,45.52545928955078,42.607017517089844,40.42121124267578,38.5240364074707,38.92124938964844,43.390804290771484,47.20170593261719,48.198280334472656,46.26723098754883,43.53066635131836,45.8558235168457,41.759864807128906
2015-08-06,33.87028503417969,30.451587677001953,28.454891204833984,25.928442001342773,25.373889923095703,27.35838508605957,32.27394485473633,38.880088806152344,42.23527908325195,44.153533935546875,44.83609390258789,45.83110046386719,44.55097579956055,41.78948211669922,40.12879943847656,38.3087043762207,38.09883117675781,41.821067810058594,45.245811462402344,46.645286560058594,44.83592224121094,42.405269622802734,44.72132110595703,40.52097702026367
2015-08-07,33.360591888427734,29.977733612060547,27.76991844177246,25.38872528076172,24.413909912109375,26.868553161621094,31.855127334594727,39.37590408325195,42.546295166015625,44.483707427978516,44.67710876464844,45.744388580322266,44.268310546875,41.97908020019531,40.22240447998047,38.24973678588867,38.52840042114258,42.44590759277344,45.27796936035156,46.27571487426758,44.62251281738281,42.01478958129883,44.51042556762695,40.324615478515625
2015-08-08,33.40434646606445,29.054786682128906,27.035730361938477,25.019649505615234,23.6977596282959,24.11248207092285,25.718502044677734,28.662364959716797,31.42359733581543,35.049888610839844,35.96623992919922,37.894134521484375,37.0957145690918,33.40618896484375,31.091888427734375,29.43250274658203,30.86928939819336,35.00102996826172,37.83356475830078,40.530399322509766,40.480735778808594,39.56690216064453,42.05065155029297,38.1449089050293
2015-08-09,28.447866439819336,24.430633544921875,22.08283805847168,21.343833923339844,19.34676742553711,20.236557006835938,19.766014099121094,21.011871337890625,24.401540756225586,28.871742248535156,30.547128677368164,31.268341064453125,32.32707595825195,28.307918548583984,25.347126007080078,24.42465591430664,24.863065719604492,29.23856544494629,31.16738510131836,34.14575958251953,35.888702392578125,35.70758056640625,38.903778076171875,34.62120056152344
2015-08-10,30.0880126953125,26.482009887695312,24.82396125793457,22.447851181030273,22.07046127319336,24.825115203857422,31.463481903076172,39.136940002441406,42.277099609375,43.07098388671875,43.46196746826172,44.51524353027344,43.782203674316406,41.340370178222656,40.00679397583008,38.17150115966797,38.352577209472656,41.47102355957031,43.689998626708984,45.12018585205078,43.07518768310547,40.675899505615234,43.27621078491211,38.40253829956055
2015-08-11,31.99312973022461,28.518260955810547,26.409900665283203,24.146549224853516,23.81928825378418,26.161718368530273,31.742616653442383,39.07708740234375,41.96479034423828,43.55375671386719,43.77711486816406,44.72581481933594,43.93534851074219,41.42064666748047,39.36953353881836,37.74260330200195,38.10480880737305,41.015830993652344,44.035789489746094,45.8293342590332,44.13256072998047,41.28382110595703,44.190086364746094,39.35145568847656
2015-08-12,38.749576568603516,34.86025619506836,32.62982940673828,29.875059127807617,29.224952697753906,31.672250747680664,37.76018142700195,45.343929290771484,48.38353729248047,50.65355682373047,50.70637512207031,51.30424880981445,49.678680419921875,46.95498275756836,44.9904899597168,42.98015213012695,43.25246047973633,47.9555778503418,51.89732360839844,52.662689208984375,49.75397491455078,46.119667053222656,48.07413101196289,44.23833465576172
2015-08-13,33.10777282714844,29.85138702392578,27.652332305908203,25.089021682739258,24.891582489013672,27.396831512451172,33.78028869628906,41.22846221923828,44.58203887939453,46.48005676269531,46.167850494384766,46.988929748535156,45.84950637817383,43.36668395996094,41.895301818847656,39.959693908691406,40.30388641357422,44.11472702026367,46.66865921020508,48.27891540527344,45.841796875,42.54352569580078,44.867340087890625,40.870933532714844
2015-08-14,33.86777877807617,29.980846405029297,28.17299461364746,25.564788818359375,24.82064437866211,26.918842315673828,31.059112548828125,37.33829879760742,40.925750732421875,42.63688278198242,43.03865051269531,43.51617431640625,43.131988525390625,40.34673309326172,38.242027282714844,36.41849899291992,36.84254455566406,40.93833541870117,44.38993453979492,45.76972961425781,44.125274658203125,41.907615661621094,44.264854431152344,40.15887451171875
2015-08-15,39.561798095703125,35.000431060791016,33.27590560913086,30.822847366333008,29.45865821838379,30.34246826171875,32.336971282958984,35.82534408569336,38.729766845703125,42.58515167236328,43.87877655029297,44.4822883605957,44.12690353393555,40.37482452392578,37.48271179199219,35.85751724243164,36.614776611328125,40.933311462402344,45.618446350097656,47.66749572753906,46.27667999267578,44.17045211791992,46.99090576171875,43.176353454589844
2015-08-16,40.471336364746094,36.21939468383789,33.99690628051758,31.47927474975586,30.277624130249023,30.698070526123047,32.21100997924805,34.906646728515625,38.82782745361328,42.816009521484375,44.10026931762695,44.70323944091797,43.755859375,39.89086151123047,37.34208297729492,35.54838562011719,36.60897445678711,41.66088104248047,46.53466796875,48.00800323486328,46.455810546875,44.35451889038086,47.08439636230469,43.29422378540039
2015-08-17,41.01359939575195,37.22914505004883,34.72129821777344,31.690204620361328,31.32967758178711,34.83902359008789,43.2981071472168,53.46755599975586,56.23097229003906,57.79515838623047,57.32847595214844,57.59166717529297,55.205196380615234,53.174591064453125,51.138671875,49.139244079589844,49.08998489379883,54.28142166137695,58.478111267089844,58.348995208740234,54.375370025634766,49.576812744140625,50.9015007019043,47.12377166748047
2015-08-18,38.66852951049805,34.89320755004883,32.53192901611328,29.72760772705078,29.158321380615234,31.90275764465332,38.53960418701172,46.930809020996094,49.96712875366211,51.83366394042969,51.76407241821289,52.173973083496094,50.37614440917969,48.12458419799805,46.136966705322266,44.211280822753906,44.39346694946289,49.111602783203125,53.017906188964844,53.525962829589844,50.54619598388672,46.574920654296875,48.39561462402344,44.4722900390625
2015-08-19,41.05732345581055,37.14815902709961,34.71314239501953,31.862171173095703,31.203014373779297,34.091548919677734,41.20085525512695,50.14598846435547,52.97035598754883,54.966583251953125,54.72384262084961,55.067176818847656,53.02357864379883,50.681087493896484,48.506107330322266,46.46403884887695,46.6877555847168,51.90888214111328,55.963531494140625,56.359596252441406,52.82846450805664,48.50090789794922,50.00828170776367,46.34504699707031
2015-08-20,38.64529037475586,34.828086853027344,32.593406677246094,29.908174514770508,29.16900634765625,31.533008575439453,37.18787384033203,44.54587936401367,47.48971939086914,49.77903747558594,49.77751541137695,50.48357009887695,48.84060287475586,46.2830810546875,44.216033935546875,42.16106033325195,42.653446197509766,47.32651138305664,51.217323303222656,51.912803649902344,49.490787506103516,45.90657043457031,47.82939910888672,43.98265838623047
2015-08-21,40.348262786865234,36.429771423339844,34.102149963378906,31.546875,30.578672409057617,32.48257827758789,37.584449768066406,44.181697845458984,47.33998489379883,49.82109451293945,49.99156188964844,50.61665725708008,49.196563720703125,46.38291549682617,43.98873519897461,41.953956604003906,42.37617874145508,47.30658721923828,51.78069305419922,52.54438400268555,50.13798141479492,46.813316345214844,48.700321197509766,44.874778747558594
2015-08-22,43.71281433105469,39.45962142944336,37.257293701171875,34.55794906616211,33.15614318847656,34.27522277832031,37.647254943847656,42.827537536621094,45.96657180786133,49.28172302246094,49.8638916015625,50.63276290893555,49.163414001464844,45.780357360839844,43.086936950683594,41.22356033325195,41.70185852050781,47.02164077758789,52.18981170654297,53.34292221069336,51.00901794433594,48.11113739013672,49.9996223449707,46.3441047668457
2015-08-23,36.05049133300781,31.831079483032227,29.771631240844727,27.720491409301758,26.39179229736328,27.58995819091797,30.22144889831543,34.18222427368164,36.973793029785156,40.210655212402344,41.332496643066406,42.33049774169922,41.19692611694336,38.37812805175781,35.92538070678711,34.93128204345703,34.980445861816406,39.44320297241211,42.252464294433594,44.94654083251953,43.77983474731445,42.01499938964844,44.87504196166992,40.56964111328125
2015-08-24,31.354595184326172,28.360288619995117,26.25330924987793,23.452312469482422,23.52970314025879,26.88542938232422,34.50623321533203,43.66656494140625,46.18715286254883,47.453678131103516,47.422950744628906,47.88669204711914,46.5155029296875,44.625919342041016,42.998497009277344,41.25282669067383,41.64937973022461,45.088348388671875,47.48448181152344,48.277984619140625,45.767845153808594,42.18375015258789,44.076446533203125,40.06884002685547
2015-08-25,39.49761199951172,35.89635467529297,33.42021179199219,30.642107009887695,30.171939849853516,33.28912353515625,40.89371871948242,50.30597686767578,53.167598724365234,54.59162521362305,54.281410217285156,54.608131408691406,52.73159408569336,50.670989990234375,48.63994598388672,46.6023063659668,46.59170150756836,51.70195770263672,55.4422607421875,55.63705062866211,52.06251525878906,47.757816314697266,49.25004196166992,45.50731658935547
2015-08-26,34.78955078125,31.333009719848633,29.284364700317383,26.736736297607422,26.208446502685547,28.985483169555664,35.53948974609375,43.55986022949219,46.27549743652344,48.05677032470703,48.12044143676758,48.914581298828125,47.25015640258789,44.98536682128906,43.21475601196289,41.36625289916992,41.561912536621094,45.893375396728516,49.25955581665039,49.83849334716797,47.51406478881836,44.01410675048828,45.90401840209961,41.85249328613281
2015-08-27,39.703468322753906,35.921485900878906,33.548282623291016,30.78835678100586,30.170133590698242,32.74626541137695,39.37771224975586,47.663387298583984,50.57128143310547,52.530120849609375,52.35445785522461,52.78040313720703,51.0440559387207,48.70272445678711,46.599586486816406,44.59687423706055,44.75102996826172,49.853233337402344,53.995628356933594,54.47100067138672,51.181915283203125,47.157989501953125,48.92041778564453,45.163047790527344
2015-08-28,39.12360382080078,35.47976303100586,33.05842208862305,30.323959350585938,29.86954116821289,32.64071273803711,39.63990783691406,48.34764099121094,51.29796600341797,53.02497100830078,52.72083282470703,53.145931243896484,51.37520217895508,49.15918731689453,47.08725357055664,45.06490707397461,45.18709182739258,50.310909271240234,54.414520263671875,54.70435333251953,51.25004577636719,47.23768997192383,48.89529037475586,45.13664245605469
2015-08-29,38.14616394042969,33.987281799316406,31.615079879760742,29.209991455078125,28.184694290161133,29.534303665161133,32.60064697265625,36.982200622558594,40.64561462402344,43.78447723388672,44.49915313720703,45.21598434448242,44.48509979248047,41.36454772949219,38.749122619628906,36.93707275390625,37.32984924316406,41.72624588012695,46.375003814697266,47.72916793823242,46.38315963745117,44.067413330078125,46.42825698852539,42.44319152832031
2015-08-30,40.399986267089844,35.69379425048828,33.63970184326172,31.215784072875977,29.77446174621582,30.262372970581055,31.912710189819336,34.2171516418457,37.94514465332031,42.18962860107422,42.58285903930664,43.38005065917969,43.141685485839844,38.77717590332031,36.27482604980469,34.464027404785156,35.109405517578125,39.66666030883789,44.780975341796875,47.104270935058594,46.90891647338867,44.42438888549805,47.40778350830078,43.05664825439453
2015-08-31,46.26173400878906,42.36367416381836,39.84813690185547,36.702816009521484,36.04389190673828,39.48513412475586,47.74742126464844,57.961761474609375,60.8524055480957,62.201995849609375,61.61942672729492,61.496063232421875,59.03471755981445,57.1630973815918,54.539947509765625,52.40922164916992,52.0417366027832,58.03723907470703,64.08457946777344,63.715576171875,58.67604064941406,53.16122055053711,54.07325744628906,50.81473159790039
2015-09-01,48.899662017822266,44.6370849609375,41.861793518066406,38.25246810913086,37.63280487060547,40.664024353027344,47.16228485107422,56.57905197143555,59.464054107666016,61.121341705322266,61.0536003112793,60.58346176147461,58.20881271362305,56.02538299560547,53.27714538574219,51.201507568359375,50.88511276245117,56.89724349975586,62.76728820800781,63.097347259521484,58.64426803588867,53.54354476928711,54.794551849365234,51.49230194091797
2015-09-02,47.96922302246094,43.4686279296875,41.0280876159668,37.834808349609375,37.1600341796875,39.9465446472168,47.710113525390625,56.59305953979492,59.72934341430664,61.652748107910156,61.12232208251953,60.64120864868164,57.84892654418945,55.64320755004883,53.71798324584961,51.71427536010742,51.36817169189453,57.31659698486328,63.441707611083984,62.98741912841797,58.09358215332031,52.99425506591797,53.989662170410156,50.90287780761719
2015-09-03,51.06342315673828,47.414329528808594,44.427207946777344,40.40314865112305,39.583126068115234,42.74235153198242,50.37147521972656,59.29143142700195,62.38627624511719,64.84569549560547,63.52659606933594,63.74528121948242,60.893226623535156,58.536460876464844,56.428714752197266,54.11553955078125,53.55632781982422,59.475276947021484,66.4118423461914,66.04304504394531,61.38433074951172,55.619110107421875,56.22641372680664,53.40215301513672
2015-09-04,44.64376449584961,40.26723098754883,37.9240837097168,34.907081604003906,33.89497375488281,36.33488082885742,42.39073181152344,50.19198989868164,53.20877456665039,55.57197570800781,55.36445617675781,55.58969497680664,53.60132598876953,50.8023796081543,48.56056594848633,46.22499465942383,46.46064758300781,52.257408142089844,57.61088180541992,58.05409240722656,54.366233825683594,50.01017379760742,51.4658088684082,48.05817413330078
2015-09-05,39.63527297973633,35.61207580566406,33.4388542175293,30.94767189025879,29.97936248779297,31.658695220947266,35.85419845581055,41.40691375732422,44.75223922729492,47.43314743041992,47.70933151245117,48.37413787841797,46.96236038208008,44.07927322387695,41.73249816894531,39.7516975402832,40.13479995727539,45.023193359375,49.8071174621582,50.9727897644043,49.000553131103516,45.58012390136719,47.48398971557617,43.6676139831543
2015-09-06,40.7196044921875,35.85898971557617,34.069053649902344,31.807086944580078,30.496074676513672,30.821664810180664,32.426918029785156,35.069419860839844,38.71428298950195,43.29047775268555,44.24187469482422,44.879859924316406,44.05287170410156,39.88979721069336,37.641204833984375,35.783714294433594,36.364505767822266,40.826866149902344,46.24385070800781,48.53791046142578,47.50450134277344,44.8172607421875,47.15021896362305,43.336002349853516
2015-09-07,43.891090393066406,40.00376892089844,37.258724212646484,34.23615264892578,34.17552947998047,37.99910354614258,48.00516891479492,59.74693298339844,62.895233154296875,63.647239685058594,62.75934600830078,62.56938934326172,59.609066009521484,57.971885681152344,56.03341293334961,53.46599578857422,53.433937072753906,59.26145553588867,63.91394805908203,63.33742141723633,58.07517623901367,52.195011138916016,53.15431594848633,50.01203918457031
2015-09-08,40.237525939941406,36.624332427978516,34.18231964111328,31.305505752563477,30.999774932861328,34.17551803588867,42.25838851928711,52.090667724609375,55.0715446472168,56.30186462402344,55.768150329589844,56.02415466308594,53.891357421875,51.88391876220703,50.08025360107422,47.88549041748047,48.045494079589844,53.30991744995117,57.510868072509766,57.45170593261719,53.44245910644531,48.75010299682617,50.24394989013672,46.51963424682617
2015-09-09,43.5937614440918,39.84175109863281,37.219261169433594,34.20691680908203,33.684608459472656,36.904842376708984,44.91456985473633,54.389488220214844,57.17384719848633,58.88157653808594,57.91149139404297,58.007083892822266,55.85105895996094,53.66289138793945,51.70750045776367,49.49589538574219,49.73002624511719,55.32352066040039,59.98094177246094,60.18273162841797,55.83731460571289,50.980648040771484,52.02494812011719,48.815391540527344
2015-09-10,42.166500091552734,38.255802154541016,35.84027862548828,33.07609939575195,32.277957916259766,34.69453430175781,40.78521728515625,48.55158996582031,51.79935073852539,53.85596466064453,53.61322021484375,54.011898040771484,52.13452911376953,49.51529312133789,47.28512954711914,45.186527252197266,45.37791061401367,50.79186248779297,55.418216705322266,56.10083770751953,52.69198989868164,48.66133117675781,50.20481491088867,46.67457962036133
2015-09-11,41.361724853515625,37.39039993286133,35.00907516479492,32.3469352722168,31.546342849731445,34.075374603271484,40.29402542114258,48.26166915893555,51.49772262573242,53.56553649902344,53.1988525390625,53.5385856628418,51.75252914428711,49.286048889160156,47.085540771484375,44.986568450927734,45.302886962890625,50.45375442504883,54.890628814697266,55.5588264465332,52.23462677001953,48.2674674987793,49.716766357421875,46.14435958862305
2015-09-12,48.07321548461914,43.06156539916992,40.808570861816406,37.74201583862305,36.25885009765625,37.14803695678711,40.2659797668457,44.36839294433594,48.3666877746582,52.389739990234375,52.678619384765625,53.25768280029297,51.65271759033203,47.96052932739258,45.12140655517578,42.79956817626953,43.21465301513672,48.704139709472656,54.72953796386719,56.39409637451172,53.64757537841797,50.495235443115234,51.809112548828125,48.549781799316406
2015-09-13,42.05744552612305,37.67396545410156,35.3271484375,32.784446716308594,31.512666702270508,33.00101089477539,37.06507110595703,42.46138381958008,46.023277282714844,49.05835723876953,49.528839111328125,50.10780334472656,48.78286361694336,45.5024299621582,43.01606750488281,40.84969711303711,41.23732376098633,45.934391021728516,51.072593688964844,52.4324951171875,50.55338668823242,47.29957580566406,48.8779296875,45.27249526977539
2015-09-14,45.578392028808594,41.546661376953125,38.79500961303711,35.886688232421875,35.27843475341797,39.138431549072266,48.05940628051758,58.7857666015625,62.105186462402344,63.31398391723633,61.9652214050293,61.99348831176758,59.858253479003906,57.78820037841797,55.50796127319336,53.60378646850586,52.9239616394043,59.036033630371094,63.543121337890625,64.29161071777344,58.46278762817383,52.73580551147461,53.8145866394043,50.86566162109375
2015-09-15,41.02305221557617,37.05595016479492,34.70201110839844,31.868907928466797,31.51943016052246,34.755802154541016,42.84065246582031,52.439022064208984,55.39558029174805,56.64411926269531,56.00392532348633,56.192623138427734,54.282249450683594,52.021209716796875,49.86393356323242,47.95365905761719,48.18401336669922,53.81388854980469,58.057918548583984,57.93119812011719,53.6331787109375,48.98389434814453,50.347503662109375,46.86141586303711
2015-09-16,43.593875885009766,39.62436294555664,37.15756607055664,34.14115905761719,33.67866134643555,36.82712173461914,44.97126388549805,54.54069137573242,57.676395416259766,59.07841873168945,58.62024688720703,58.36680221557617,55.9525260925293,54.05315399169922,51.89042663574219,49.69026184082031,49.872108459472656,55.410484313964844,59.81722640991211,60.09105682373047,55.870811462402344,50.96022033691406,52.033729553222656,48.814388275146484
2015-09-17,38.50754165649414,34.917293548583984,32.639251708984375,30.06655502319336,29.554906845092773,32.14284133911133,38.85029983520508,47.43769454956055,50.391849517822266,52.043582916259766,51.73722457885742,52.244972229003906,50.42049789428711,48.223724365234375,46.108612060546875,44.082725524902344,44.385440826416016,49.35848617553711,53.325157165527344,53.88756561279297,50.54977035522461,46.67121505737305,48.20960235595703,44.36528015136719
2015-09-18,41.05403518676758,37.5402717590332,35.035377502441406,32.17426681518555,31.893579483032227,35.370121002197266,44.43893051147461,55.44811248779297,57.97288513183594,59.18458938598633,58.22393035888672,58.291725158691406,55.86144256591797,53.94401168823242,52.14216613769531,50.087921142578125,50.14928436279297,55.9121208190918,59.79325485229492,59.21874237060547,54.630104064941406,49.860897064208984,50.969486236572266,47.42779541015625
2015-09-19,32.90841293334961,29.62371826171875,27.490474700927734,25.419021606445312,24.735462188720703,26.696786880493164,31.203523635864258,37.378150939941406,40.32963180541992,42.597145080566406,43.01851272583008,43.84030532836914,42.79698181152344,40.179931640625,37.710044860839844,36.29027557373047,36.48346710205078,40.638877868652344,44.53496170043945,45.91166687011719,44.65690612792969,41.37309646606445,43.86082077026367,39.25505065917969
2015-09-20,33.57173156738281,30.35776138305664,28.117324829101562,26.382843017578125,25.48823356628418,26.233078002929688,29.444583892822266,33.39390563964844,36.22769546508789,39.321746826171875,40.59638977050781,41.123817443847656,40.938995361328125,37.88489532470703,35.2608528137207,33.806758880615234,34.15538024902344,38.60043716430664,42.6737060546875,44.84838104248047,43.72406005859375,41.4558219909668,43.66933059692383,39.1571159362793
2015-09-21,37.0940055847168,33.8654670715332,31.505481719970703,28.798276901245117,28.537532806396484,31.667701721191406,39.5517578125,49.05377197265625,51.87730407714844,53.23036575317383,52.580322265625,53.16086959838867,51.282371520996094,49.2682991027832,47.288848876953125,45.32514190673828,45.681640625,50.6264762878418,54.034690856933594,54.346221923828125,50.639015197753906,46.449462890625,47.87255096435547,43.8602294921875
2015-09-22,41.385406494140625,37.79853439331055,35.44145965576172,32.4719352722168,32.42499923706055,35.68273162841797,44.24323654174805,55.114013671875,57.88154602050781,58.90372848510742,58.375762939453125,58.533363342285156,56.054603576660156,54.02832794189453,52.31223678588867,49.97515869140625,50.126590728759766,55.86653518676758,59.30022430419922,59.2490119934082,54.67158508300781,49.80317306518555,51.088836669921875,47.354618072509766
2015-09-23,60.891868591308594,56.97100067138672,55.6784782409668,49.594337463378906,49.69860076904297,54.430938720703125,62.686798095703125,70.28595733642578,73.91883087158203,77.45916748046875,76.6018295288086,73.50642395019531,71.40155792236328,67.49095916748047,65.02224731445312,63.15782928466797,63.254638671875,70.42881774902344,76.79849243164062,77.9858169555664,70.21839904785156,61.198978424072266,62.20610809326172,61.230445861816406
2015-09-24,42.45552062988281,38.8482666015625,36.33750534057617,33.2357063293457,33.28389358520508,37.18623733520508,47.2231330871582,58.54145812988281,61.34099578857422,62.74462890625,61.54286193847656,61.17970657348633,58.78742218017578,56.87618637084961,55.087989807128906,53.21168518066406,53.080570220947266,58.85417175292969,62.32225036621094,62.260066986083984,56.921836853027344,51.24969482421875,52.40833282470703,48.881893157958984
2015-09-25,44.7121467590332,40.69485092163086,38.252403259277344,35.50886917114258,34.9345817565918,37.24396514892578,43.73979949951172,52.225196838378906,55.39134979248047,57.40283966064453,57.24543762207031,57.157081604003906,55.20677185058594,52.51985549926758,50.35884094238281,48.1619873046875,48.300315856933594,54.143150329589844,58.721195220947266,59.54949188232422,55.88561248779297,51.08136749267578,52.34590530395508,48.95473098754883
2015-09-26,43.1046142578125,38.870323181152344,36.47193145751953,33.837215423583984,32.784114837646484,34.042457580566406,37.914459228515625,42.98490524291992,46.43910217285156,49.835601806640625,50.42498779296875,51.11513137817383,49.854095458984375,46.386539459228516,43.733394622802734,41.840145111083984,42.02479934692383,46.81791687011719,51.50712203979492,53.37055587768555,51.4135627746582,48.11831283569336,49.48166275024414,45.98186111450195
2015-09-27,39.931549072265625,35.94725799560547,33.65180206298828,31.2893009185791,29.968852996826172,30.996807098388672,33.316802978515625,36.434486389160156,40.251102447509766,43.67457580566406,44.966827392578125,46.04541778564453,44.94013595581055,40.858341217041016,38.454750061035156,36.77214431762695,37.28193283081055,41.64290237426758,45.674468994140625,48.70382308959961,47.776710510253906,45.51926803588867,46.87593460083008,43.09844970703125
2015-09-28,45.845176696777344,41.780296325683594,39.12445831298828,36.200164794921875,35.41510772705078,38.929664611816406,47.8951416015625,58.161407470703125,61.5994987487793,62.72868347167969,61.49403381347656,61.34029769897461,58.84735870361328,56.85114288330078,55.207725524902344,52.85593795776367,52.73548889160156,58.7083740234375,63.277164459228516,63.377899169921875,58.081077575683594,52.97312927246094,53.817569732666016,50.952598571777344
2015-09-29,48.848960876464844,45.10923385620117,41.68040466308594,37.80176544189453,38.73420333862305,44.226402282714844,57.1715202331543,73.00738525390625,75.45476531982422,75.59821319580078,73.55266571044922,72.47785949707031,67.99435424804688,66.94574737548828,66.59129333496094,63.74082946777344,63.441490173339844,70.13230895996094,73.96983337402344,72.09722137451172,65.53414916992188,57.202301025390625,57.755714416503906,56.008811950683594
2015-09-30,41.88288116455078,38.08994674682617,35.5587158203125,32.78104782104492,32.26993179321289,35.27262496948242,42.88095474243164,52.637306213378906,55.419620513916016,57.131256103515625,56.54912185668945,56.81698226928711,54.566688537597656,52.38309860229492,50.579708099365234,48.37348937988281,48.463111877441406,53.96052551269531,57.959449768066406,58.20479202270508,54.202335357666016,49.58299255371094,50.809349060058594,47.37974166870117
2015-10-01,42.50074005126953,38.39560317993164,35.94045639038086,33.113433837890625,32.66114807128906,35.74075698852539,43.24274826049805,53.34526062011719,55.88775634765625,57.71592330932617,57.269691467285156,57.501670837402344,55.336307525634766,53.23501205444336,51.10220718383789,48.90898895263672,49.146358489990234,54.5385856628418,58.67411804199219,58.535484313964844,54.67252731323242,49.99009323120117,51.377681732177734,48.04771423339844
2015-10-02,40.45310592651367,36.58277893066406,34.19974899291992,31.46262550354004,30.771928787231445,33.50325393676758,40.12592697143555,48.638671875,51.652076721191406,53.62628936767578,53.39633560180664,53.91875457763672,51.88427734375,49.55793762207031,47.43333053588867,45.345542907714844,45.645626068115234,50.96366500854492,54.913673400878906,55.23490905761719,52.082801818847656,48.099342346191406,49.61277770996094,45.96131134033203
2015-10-03,39.28901290893555,35.13465881347656,32.78955841064453,30.641422271728516,29.300376892089844,30.06355857849121,32.69190216064453,36.131858825683594,40.08728790283203,43.611019134521484,44.559844970703125,45.50294494628906,44.44346237182617,41.01408767700195,38.02183532714844,36.284236907958984,37.03651428222656,41.38243865966797,45.75975799560547,47.55973815917969,46.82659912109375,45.2711067199707,46.83899688720703,42.94473648071289
2015-10-04,40.308345794677734,35.75266647338867,33.30068588256836,31.265825271606445,29.694751739501953,30.586233139038086,32.42662048339844,35.739898681640625,39.35099411010742,42.91250991821289,44.46452713012695,45.59075164794922,43.9542121887207,40.06924057006836,37.627891540527344,36.23185729980469,36.342308044433594,40.51712417602539,45.37287902832031,47.78095245361328,47.17098617553711,45.471134185791016,47.28269577026367,43.285465240478516
2015-10-05,41.22444534301758,37.375938415527344,35.017921447753906,31.952714920043945,31.612773895263672,35.01454162597656,43.375205993652344,53.65339660644531,56.45858383178711,57.85163497924805,57.12327194213867,57.38438415527344,54.91341018676758,53.01974868774414,51.11567306518555,49.0302848815918,49.189613342285156,54.66053771972656,58.70756912231445,58.50755310058594,54.29486846923828,49.6161003112793,50.829044342041016,47.478397369384766
2015-10-06,38.717472076416016,34.93256759643555,32.57854461669922,29.978246688842773,29.451066970825195,32.26454162597656,39.37406921386719,48.45523452758789,51.275699615478516,52.9222526550293,52.66166305541992,53.16993713378906,51.130638122558594,48.8557243347168,46.925254821777344,44.982261657714844,45.26462936401367,50.23259353637695,53.88697052001953,54.12037658691406,50.901023864746094,47.154022216796875,48.56870651245117,44.77219009399414
2015-10-07,35.76296615600586,32.442813873291016,30.260103225708008,27.564598083496094,27.261898040771484,30.3430118560791,37.96760940551758,47.502079010009766,50.1656379699707,51.51689147949219,51.20173645019531,51.680450439453125,49.84843444824219,47.9161262512207,45.97984313964844,44.035865783691406,44.38604736328125,49.36229705810547,52.26848602294922,52.329978942871094,49.18156433105469,45.47907638549805,46.99799728393555,43.03863525390625
2015-10-08,37.18879699707031,33.520992279052734,31.232877731323242,28.645709991455078,28.303003311157227,30.930553436279297,37.847015380859375,46.627201080322266,49.47135925292969,51.11053466796875,50.8003044128418,51.553001403808594,49.7352180480957,47.535953521728516,45.537330627441406,43.622989654541016,43.86060333251953,48.86798858642578,52.32930374145508,52.57345962524414,49.627769470214844,45.98683166503906,47.35032653808594,43.61357498168945
2015-10-09,40.1536865234375,36.22440719604492,33.89730453491211,31.227134704589844,30.652114868164062,33.1733512878418,39.9056510925293,48.546207427978516,51.415504455566406,53.30796813964844,53.22431564331055,53.6552619934082,51.69434356689453,49.283058166503906,47.25588607788086,45.16843795776367,45.508304595947266,50.652923583984375,54.783836364746094,54.65782165527344,51.65364074707031,47.78712463378906,49.139522552490234,45.51332473754883
2015-10-10,38.5646858215332,33.93320846557617,31.803428649902344,29.738840103149414,28.51001739501953,29.84717559814453,33.10081481933594,37.812355041503906,40.97381591796875,44.285789489746094,45.06517028808594,46.03148651123047,44.77964782714844,41.2975959777832,38.94042205810547,37.42198181152344,37.71949005126953,41.831912994384766,46.066654205322266,47.717735290527344,47.22988510131836,44.71371078491211,46.28689193725586,42.289005279541016
2015-10-11,37.78905487060547,33.18798065185547,31.204803466796875,29.107818603515625,27.79036521911621,28.05589485168457,28.71802520751953,31.771743774414062,34.60285568237305,39.0480842590332,39.905555725097656,41.553260803222656,40.80062484741211,36.97966766357422,34.227115631103516,32.084651947021484,32.126548767089844,36.085853576660156,41.56522750854492,44.153316497802734,44.07523727416992,43.174827575683594,44.66498947143555,40.99021530151367
2015-10-12,38.82341766357422,35.21534729003906,32.942626953125,30.0709285736084,29.825782775878906,32.830326080322266,41.012638092041016,51.122982025146484,53.73929977416992,54.98925018310547,54.44265365600586,54.69750213623047,52.76458740234375,50.903106689453125,49.06864547729492,47.14250183105469,47.33716583251953,52.52273178100586,56.372398376464844,55.79283142089844,52.2274169921875,47.77549362182617,49.09429931640625,45.28235626220703
2015-10-13,47.20528793334961,42.64116287231445,40.13585662841797,36.644046783447266,36.39559555053711,38.805423736572266,46.32654571533203,56.07088088989258,59.238346099853516,61.19258499145508,60.82233428955078,60.46783447265625,58.29486083984375,55.67192840576172,53.297096252441406,51.01800537109375,51.26757049560547,57.537200927734375,62.88518142700195,62.173648834228516,58.039886474609375,52.71139144897461,53.88379669189453,51.39870834350586
2015-10-14,41.4349479675293,37.486083984375,35.13280487060547,32.06056213378906,31.819448471069336,35.09858322143555,43.8259391784668,54.483219146728516,57.16794204711914,58.33729553222656,57.788597106933594,57.828495025634766,55.67683792114258,53.75920867919922,51.71681213378906,49.694541931152344,49.75212097167969,55.10593795776367,59.635154724121094,58.581939697265625,54.585044860839844,49.62726974487305,50.93226623535156,47.5018424987793
2015-10-15,53.59213638305664,49.69021224975586,46.536170959472656,42.49589157104492,41.648651123046875,45.82278060913086,54.955665588378906,66.20693969726562,69.17094421386719,71.19694519042969,69.91036987304688,68.59281921386719,65.32664489746094,64.28629302978516,61.494075775146484,59.48769760131836,60.086734771728516,66.47015380859375,72.88530731201172,70.42445373535156,63.67998504638672,57.83083724975586,58.131954193115234,56.303924560546875
2015-10-16,51.70226287841797,47.47001647949219,44.60577392578125,40.93220520019531,40.78489303588867,46.129661560058594,56.03064727783203,69.39027404785156,72.03116607666016,74.19279479980469,71.63835144042969,70.39643859863281,67.16287994384766,65.42342376708984,63.29218673706055,61.88117218017578,61.363197326660156,67.82845306396484,72.6820068359375,70.42072296142578,65.0032730102539,58.280052185058594,58.459800720214844,55.81352996826172
2015-10-17,55.308135986328125,51.461082458496094,48.627098083496094,44.34011459350586,42.871849060058594,46.45519256591797,53.37506103515625,62.704341888427734,64.88839721679688,67.62312316894531,67.04631042480469,67.12561798095703,63.81365203857422,60.5303840637207,57.89276885986328,55.79861068725586,55.48474884033203,61.915592193603516,67.52322387695312,67.68021392822266,64.86848449707031,58.946773529052734,59.581199645996094,57.12396240234375
2015-10-18,42.525238037109375,37.59907531738281,35.41966247558594,32.54145812988281,31.545894622802734,33.23740768432617,37.293861389160156,42.786678314208984,46.027767181396484,49.16221618652344,49.716976165771484,50.40642547607422,48.88557434082031,45.78306579589844,43.19479751586914,41.11162567138672,41.586082458496094,46.66439437866211,51.33249282836914,52.5070686340332,50.76592254638672,47.90322494506836,49.35771179199219,45.67049789428711
2015-10-19,41.97212600708008,38.43247604370117,36.05615997314453,32.956111907958984,32.85348892211914,36.55905532836914,46.5788688659668,58.3824348449707,61.56841278076172,62.21659851074219,61.165557861328125,60.883094787597656,58.23748779296875,56.8499870300293,54.643760681152344,52.80632781982422,52.752960205078125,58.3860969543457,61.995338439941406,61.09602737426758,56.27677917480469,51.3338623046875,52.41115188598633,49.19374084472656
2015-10-20,44.914710998535156,40.979454040527344,38.33916091918945,35.18038558959961,34.48299789428711,38.178993225097656,47.06010055541992,57.6494026184082,60.44660949707031,61.896915435791016,61.13556671142578,60.61883544921875,58.653785705566406,56.28767776489258,54.2420654296875,52.66664505004883,52.90168380737305,59.08418273925781,63.251426696777344,62.30674743652344,57.76453399658203,52.41063690185547,53.26887512207031,50.38566970825195
2015-10-21,46.330177307128906,42.5355339050293,39.668128967285156,36.35365676879883,36.75436019897461,41.7584228515625,53.389198303222656,67.60289001464844,70.67890930175781,70.44368743896484,68.54297637939453,66.70162963867188,64.01421356201172,63.498844146728516,62.2235107421875,60.15483856201172,59.469688415527344,66.82818603515625,70.89618682861328,67.87728881835938,61.80327224731445,54.900936126708984,55.66632843017578,53.47206115722656
2015-10-22,45.88142776489258,42.361854553222656,39.33352279663086,35.936527252197266,36.16773986816406,40.76873779296875,52.1209831237793,66.78855895996094,69.07234191894531,70.1062240600586,68.93338775634766,67.2201919555664,63.831417083740234,63.41371536254883,61.70857238769531,59.52483367919922,59.62733459472656,66.80229187011719,71.20926666259766,68.6357192993164,61.04006576538086,54.68289566040039,55.508968353271484,52.79703903198242
2015-10-23,43.35384750366211,39.51870346069336,36.88159942626953,33.969844818115234,33.79774475097656,38.61557388305664,50.763553619384766,65.23084259033203,67.61677551269531,67.12258911132812,66.0994873046875,65.94518280029297,62.39312744140625,61.8657341003418,59.88158416748047,58.04426574707031,58.76433563232422,64.19190216064453,67.69059753417969,65.73958587646484,58.88067626953125,53.459144592285156,54.07945251464844,50.93016815185547
2015-10-24,43.552860260009766,38.468955993652344,36.05632781982422,33.78885269165039,32.218448638916016,33.326866149902344,35.75279235839844,39.10950469970703,43.084529876708984,47.13435363769531,47.72624969482422,48.6838493347168,47.24219512939453,43.522640228271484,40.44453811645508,38.35982894897461,39.214168548583984,43.94103240966797,49.110111236572266,51.22892761230469,50.1557502746582,47.65074920654297,49.17513656616211,45.9408073425293
2015-10-25,37.1143913269043,33.00264358520508,30.879411697387695,29.094680786132812,27.525497436523438,28.609615325927734,29.854095458984375,33.00586700439453,36.48805236816406,39.724143981933594,40.81829071044922,41.971195220947266,41.02660369873047,37.19898986816406,35.44521713256836,33.37575912475586,34.108150482177734,38.148563385009766,42.88107681274414,44.53516387939453,44.79027557373047,42.759220123291016,44.709136962890625,41.417728424072266
2015-10-26,39.36137390136719,35.71031188964844,33.42592239379883,30.74252700805664,30.525115966796875,33.569786071777344,42.05167007446289,52.55204391479492,55.43578338623047,56.77255630493164,55.88908004760742,56.13467788696289,53.86023712158203,52.07772445678711,50.20839309692383,48.39952087402344,48.68510437011719,54.193973541259766,57.65805435180664,57.28697967529297,52.72597122192383,48.30860137939453,49.57059860229492,46.22309494018555
2015-10-27,39.39942932128906,35.67608642578125,33.31916427612305,30.595836639404297,30.37129020690918,33.432308197021484,42.081722259521484,52.89019012451172,55.33381652832031,56.58218765258789,55.81582260131836,56.047454833984375,53.75248718261719,52.085960388183594,50.138465881347656,48.215003967285156,48.43828201293945,53.92899703979492,57.798152923583984,57.058448791503906,52.702392578125,48.03250503540039,49.326847076416016,46.0929069519043
2015-10-28,39.10569381713867,35.56314468383789,33.24567413330078,30.455507278442383,30.17342185974121,33.133872985839844,41.54357147216797,52.05291748046875,54.57191467285156,55.89688491821289,55.20975112915039,55.58704376220703,53.179439544677734,51.451663970947266,49.5285530090332,47.573978424072266,47.80962371826172,53.3095588684082,56.8924674987793,56.56694412231445,52.38335037231445,47.905418395996094,49.29203414916992,45.74744415283203
2015-10-29,42.04497146606445,37.90870666503906,35.49674987792969,32.68406677246094,32.228759765625,35.165550231933594,43.25912857055664,53.0517692565918,55.92945098876953,57.80615234375,57.01163864135742,57.24987030029297,54.90370178222656,52.79237747192383,50.848045349121094,48.76780319213867,48.94601058959961,54.414093017578125,58.523826599121094,58.32279968261719,54.39186477661133,49.62396240234375,50.67525100708008,47.36422348022461
2015-10-30,41.349281311035156,37.07673645019531,34.73556900024414,31.97722816467285,31.333826065063477,33.69230270385742,40.38053894042969,48.73784255981445,51.68565368652344,53.91520690917969,53.72346878051758,54.157039642333984,52.11407470703125,49.68814468383789,47.313228607177734,45.38581848144531,45.6912956237793,51.10279083251953,55.409767150878906,55.53703308105469,52.320091247558594,48.292869567871094,49.75815200805664,46.36119842529297
2015-10-31,37.301353454589844,33.23391342163086,30.776432037353516,28.680831909179688,27.52423858642578,28.60285758972168,31.471210479736328,35.826107025146484,39.234806060791016,42.33675003051758,43.711387634277344,44.55043411254883,43.06433868408203,40.44333267211914,37.53886413574219,35.64645004272461,36.31334686279297,40.9842414855957,45.43070983886719,47.4615478515625,45.96426773071289,43.356285095214844,45.42073059082031,41.704010009765625
2015-11-01,33.797080993652344,29.931869506835938,27.600643157958984,25.901729583740234,24.549850463867188,25.124881744384766,25.981098175048828,29.163957595825195,32.575904846191406,36.235984802246094,36.814842224121094,38.28982162475586,38.10553741455078,33.47972869873047,31.240737915039062,29.83364486694336,31.128868103027344,34.13038635253906,38.181556701660156,41.3753776550293,42.533775329589844,40.641929626464844,42.276519775390625,38.45697021484375
2015-11-02,34.34736633300781,31.191011428833008,29.09368324279785,26.507553100585938,26.233577728271484,29.601560592651367,38.08999252319336,48.4650993347168,50.96712875366211,51.996456146240234,51.57047653198242,51.86729431152344,49.89717483520508,48.20073318481445,46.37532424926758,44.62423324584961,44.80290222167969,49.40324783325195,52.7895622253418,52.23704147338867,48.37553024291992,44.546871185302734,46.281246185302734,42.49106216430664
2015-11-03,36.0281867980957,32.57107162475586,30.565349578857422,27.901193618774414,27.719812393188477,30.778684616088867,39.0137825012207,48.957069396972656,51.80232620239258,52.988746643066406,52.650848388671875,52.77897644042969,50.771827697753906,49.070186614990234,47.0721549987793,45.18037796020508,45.41730499267578,50.480613708496094,53.71622848510742,53.61608123779297,49.6080322265625,45.63864517211914,47.24436950683594,43.569305419921875
2015-11-04,37.61690139770508,33.94548034667969,31.721818923950195,29.11627197265625,28.760082244873047,31.48849868774414,38.93717956542969,48.07637405395508,50.91478729248047,52.66947937011719,52.46730041503906,52.88808059692383,50.779457092285156,48.838504791259766,46.7570915222168,44.7949333190918,45.058589935302734,50.23658752441406,53.961849212646484,53.908470153808594,50.275634765625,46.16011428833008,47.86378479003906,44.364498138427734
2015-11-05,38.84779739379883,35.057411193847656,32.767547607421875,30.054935455322266,29.74248504638672,32.666866302490234,40.40315246582031,50.10015106201172,52.86077880859375,54.48392105102539,54.21647644042969,54.3382682800293,52.18359375,50.23603057861328,48.20109939575195,46.28653335571289,46.51282501220703,51.80221939086914,55.75481414794922,55.46461868286133,51.620662689208984,47.21687698364258,48.84454345703125,45.55671691894531
2015-11-06,37.11101531982422,33.52703857421875,31.24911880493164,28.787555694580078,28.223628997802734,30.55965805053711,36.81341552734375,44.92020797729492,47.826629638671875,49.974185943603516,49.955238342285156,50.31873321533203,48.612892150878906,46.24032974243164,44.29094314575195,42.11548614501953,42.659706115722656,47.61153793334961,51.67881774902344,52.108760833740234,49.07097625732422,45.23683547973633,47.01533126831055,43.579734802246094
2015-11-07,33.43790817260742,29.752891540527344,27.623939514160156,25.540237426757812,24.505062103271484,25.133094787597656,26.818281173706055,29.255950927734375,31.706676483154297,35.97275161743164,37.48077392578125,38.01494216918945,37.83829116821289,34.05770492553711,32.30638885498047,30.2241268157959,30.775558471679688,35.21131134033203,39.22297668457031,42.361488342285156,41.92301940917969,40.17774963378906,42.89473342895508,38.97776412963867
2015-11-08,33.385520935058594,29.895732879638672,27.606029510498047,25.89893341064453,24.316415786743164,24.82935333251953,25.10240364074707,25.88056755065918,29.656648635864258,33.986515045166016,35.0032958984375,37.219688415527344,36.6588249206543,32.53952407836914,29.71323013305664,28.30891990661621,29.784006118774414,33.0626106262207,37.13035583496094,40.608943939208984,40.82497787475586,39.600830078125,42.47916793823242,38.209285736083984
2015-11-09,32.67134094238281,29.696853637695312,27.52672004699707,25.056316375732422,24.97428321838379,28.36090850830078,36.49407196044922,46.367488861083984,49.4201774597168,50.472496032714844,50.4256477355957,50.57583236694336,48.5758056640625,46.787086486816406,45.26699447631836,43.47507095336914,43.60372543334961,47.94600296020508,50.665626525878906,51.14812088012695,47.623748779296875,43.71329879760742,45.40159225463867,41.49931335449219
2015-11-10,37.22939682006836,33.63414001464844,31.31840705871582,28.534107208251953,28.253141403198242,31.384428024291992,39.37845230102539,49.21489334106445,51.899173736572266,53.21856689453125,52.85301971435547,53.15864562988281,51.12590026855469,49.22705841064453,47.403133392333984,45.374637603759766,45.61201477050781,50.68661117553711,54.01817321777344,54.31791305541992,50.54692459106445,46.39736557006836,48.150333404541016,44.52562713623047
2015-11-11,30.94106674194336,27.97964859008789,25.684223175048828,23.2591552734375,22.65660285949707,25.26474380493164,31.049427032470703,38.101192474365234,41.34201431274414,42.80706024169922,43.1680908203125,43.97216033935547,42.82215118408203,40.52307891845703,38.95493698120117,37.10503387451172,37.41530227661133,42.3592529296875,44.980621337890625,46.29689025878906,43.60417175292969,40.46900939941406,42.77121353149414,38.862762451171875
2015-11-12,34.71385192871094,31.18604278564453,28.988447189331055,26.300363540649414,26.14748764038086,29.16419219970703,36.82072830200195,45.970909118652344,48.58297348022461,50.20570755004883,49.83924102783203,50.36873245239258,48.4616584777832,46.68621826171875,44.73146057128906,42.90647888183594,43.10680389404297,47.809444427490234,51.216495513916016,51.610965728759766,48.23618698120117,44.53565216064453,46.157100677490234,42.45378112792969
2015-11-13,39.71963119506836,35.70042037963867,33.40097427368164,30.568958282470703,29.87067222595215,32.405399322509766,38.94727325439453,47.250240325927734,50.139617919921875,52.209449768066406,51.99637985229492,52.509151458740234,50.67095947265625,48.237159729003906,46.00628662109375,43.92349624633789,44.15660095214844,49.37324523925781,53.53696060180664,54.02647399902344,50.918087005615234,47.01112365722656,48.736331939697266,45.32579803466797
2015-11-14,36.844974517822266,32.7405891418457,30.562999725341797,28.109130859375,26.882761001586914,28.184507369995117,31.223186492919922,35.847801208496094,38.8593864440918,42.14374542236328,43.012794494628906,43.93426513671875,42.98518371582031,39.533180236816406,37.459617614746094,35.796932220458984,36.364532470703125,40.709415435791016,44.618003845214844,46.611595153808594,45.18689727783203,42.94715881347656,45.074119567871094,41.19475555419922
2015-11-15,33.35395431518555,29.053321838378906,26.74395751953125,25.170040130615234,23.33980369567871,23.798160552978516,23.790794372558594,24.685482025146484,27.852720260620117,30.785625457763672,33.46083068847656,35.07605743408203,35.174766540527344,30.447643280029297,27.903894424438477,26.79925537109375,28.521875381469727,32.59159851074219,36.275028228759766,40.63701248168945,39.94599151611328,38.41136169433594,40.648887634277344,36.737979888916016
2015-11-16,32.4329948425293,29.471628189086914,27.263885498046875,24.65970802307129,24.534608840942383,28.41407012939453,37.194305419921875,47.74260330200195,50.63534927368164,51.20537567138672,50.368194580078125,50.79922866821289,48.62594223022461,47.00986099243164,45.485958099365234,43.72635269165039,43.92433547973633,48.598045349121094,51.67639923095703,51.730831146240234,47.91307830810547,43.82561492919922,45.44312286376953,41.765933990478516
2015-11-17,31.74349021911621,28.67486572265625,26.73883628845215,23.90243911743164,23.80036735534668,27.594459533691406,35.57130813598633,45.72956085205078,48.28943634033203,49.2371826171875,48.796836853027344,49.31898498535156,47.36125183105469,45.868743896484375,44.24999237060547,42.25989532470703,42.71703338623047,47.56385803222656,49.68719482421875,50.07624816894531,46.53752517700195,42.849632263183594,44.56705093383789,40.56571578979492
2015-11-18,31.063751220703125,28.33304786682129,26.20009994506836,23.708187103271484,23.533586502075195,26.739665985107422,34.1823844909668,43.2281608581543,45.995704650878906,47.83232879638672,47.26720428466797,47.661766052246094,45.81867980957031,44.202903747558594,42.679290771484375,40.84708786010742,41.401824951171875,45.0881462097168,48.151832580566406,48.90611267089844,45.44643783569336,41.74666976928711,43.71222686767578,40.029380798339844
2015-11-19,36.14680099487305,32.90397644042969,30.686784744262695,27.89498519897461,27.53626251220703,30.547100067138672,38.10609436035156,47.63829803466797,50.20155334472656,51.75661087036133,51.240455627441406,51.73633575439453,49.758853912353516,47.84321212768555,45.97898864746094,44.11367416381836,44.260658264160156,49.17198181152344,52.910865783691406,53.02696228027344,49.425498962402344,45.34989547729492,46.964195251464844,43.39108657836914
2015-11-20,35.292823791503906,31.9399356842041,29.837554931640625,27.135746002197266,26.634740829467773,29.076820373535156,35.433162689208984,43.60139846801758,46.32932662963867,48.01911544799805,48.06804275512695,48.6771354675293,46.97679138183594,44.57380676269531,42.90736770629883,40.862388610839844,41.32442855834961,45.93507385253906,49.673057556152344,50.66819381713867,47.72995376586914,43.9031982421875,45.623870849609375,41.98703384399414
2015-11-21,32.83561325073242,29.443523406982422,27.555877685546875,24.88260841369629,24.49597930908203,26.941743850708008,32.69926834106445,39.91783905029297,43.163124084472656,44.88153076171875,44.99163055419922,45.694427490234375,44.180728912353516,41.89457321166992,40.068580627441406,38.618011474609375,39.18140411376953,43.657588958740234,47.06405258178711,47.83559799194336,45.45700454711914,42.206939697265625,44.070167541503906,40.327972412109375
2015-11-22,31.01642417907715,27.76674461364746,25.39019775390625,23.438919067382812,22.480815887451172,24.833105087280273,29.220539093017578,35.36650848388672,38.30885314941406,40.40223693847656,40.8607292175293,41.904090881347656,40.377201080322266,37.89326858520508,35.94399642944336,34.594749450683594,35.18326187133789,39.79625701904297,44.24319839477539,44.883087158203125,43.02936553955078,40.17724609375,42.218284606933594,37.97443389892578
2015-11-23,40.634159088134766,37.19747543334961,34.65511703491211,31.6568603515625,31.60482406616211,35.282413482666016,45.1410026550293,56.601707458496094,59.604652404785156,60.47491455078125,59.24150085449219,59.20541000366211,56.48801803588867,55.372337341308594,53.31084442138672,51.58344650268555,51.642791748046875,57.23361587524414,61.10493469238281,60.11418151855469,54.901771545410156,49.776695251464844,51.26027297973633,47.97658157348633
2015-11-24,47.606201171875,43.55143356323242,41.00356674194336,37.44692611694336,37.300418853759766,41.08645248413086,51.256622314453125,63.050453186035156,66.39987182617188,67.0062255859375,66.43905639648438,65.43659973144531,61.87971878051758,60.26817321777344,58.36282730102539,56.42863845825195,56.47563934326172,62.554649353027344,66.94107055664062,65.82477569580078,60.837867736816406,54.837432861328125,55.39649963378906,52.807411193847656
2015-11-25,48.43579864501953,44.46040725708008,41.922080993652344,38.458316802978516,37.67549133300781,41.85948944091797,51.31005859375,63.62390899658203,66.55565643310547,67.61483001708984,65.8812484741211,65.70026397705078,62.26094436645508,60.94526672363281,58.98374938964844,56.70635986328125,56.92631530761719,63.25914764404297,68.18053436279297,65.47940826416016,60.39288330078125,55.254913330078125,55.378631591796875,52.85683822631836
2015-11-26,47.02399826049805,42.49742889404297,39.91709899902344,36.721031188964844,36.126075744628906,40.115692138671875,50.42793273925781,62.97392272949219,65.72148132324219,67.44388580322266,65.85521697998047,65.24911499023438,62.24579620361328,60.60018539428711,58.561607360839844,56.4007568359375,56.617919921875,63.40150451660156,67.49329376220703,65.50899505615234,59.425235748291016,53.677303314208984,54.385616302490234,51.677001953125
2015-11-27,48.506591796875,45.201866149902344,42.04191970825195,38.484066009521484,37.772186279296875,41.32779312133789,50.57237243652344,62.00139617919922,65.1784896850586,66.66812896728516,65.53070831298828,65.20764923095703,62.6054801940918,60.55717468261719,58.574493408203125,56.263954162597656,56.17176055908203,62.17762756347656,67.53227996826172,65.51654052734375,61.01178741455078,55.148677825927734,55.837379455566406,53.270267486572266
2015-11-28,42.896488189697266,38.59149932861328,36.13503646850586,33.08244323730469,32.3184700012207,34.630218505859375,41.309688568115234,49.58514404296875,52.43782424926758,54.5906982421875,54.41201400756836,54.94395446777344,52.935874938964844,50.36227798461914,48.062767028808594,46.11777877807617,46.230751037597656,51.85048294067383,56.57090377807617,56.14949417114258,53.03213882446289,48.90786361694336,50.35700225830078,47.09891891479492
2015-11-29,38.86270523071289,34.49371337890625,32.270938873291016,29.662565231323242,28.526042938232422,29.786054611206055,33.178707122802734,38.014827728271484,41.13373565673828,44.54813003540039,45.148468017578125,46.07368087768555,45.19989013671875,41.666866302490234,38.80413055419922,36.81486511230469,37.28434371948242,41.98786926269531,46.92053985595703,48.929054260253906,47.30076217651367,44.50942611694336,45.8829345703125,42.55331802368164
2015-11-30,41.25466537475586,37.69817352294922,35.29244613647461,32.14044952392578,31.989988327026367,35.62688446044922,45.647056579589844,57.80464172363281,60.03841018676758,61.24055480957031,60.030521392822266,60.00245666503906,57.5654296875,55.758087158203125,54.127113342285156,52.0259895324707,52.15923309326172,57.520225524902344,61.841739654541016,60.39956283569336,55.569732666015625,50.06245422363281,51.45726776123047,47.84519958496094
2015-12-01,38.62392807006836,34.8709602355957,32.69151306152344,29.730398178100586,29.664661407470703,33.008609771728516,41.99728012084961,53.29115295410156,55.869361877441406,56.893394470214844,55.969764709472656,56.234256744384766,53.796226501464844,51.99221420288086,50.507972717285156,48.313758850097656,48.460350036621094,53.46031188964844,57.31193542480469,56.74102020263672,52.65754699707031,48.04792404174805,49.17341613769531,45.652626037597656
2015-12-02,39.922828674316406,36.325355529785156,34.011962890625,30.9018497467041,31.008037567138672,34.68195343017578,44.233795166015625,55.86571502685547,58.924556732177734,59.46635055541992,58.929935455322266,58.71229934692383,56.24772262573242,54.47795486450195,52.6839485168457,50.565853118896484,50.78420639038086,56.562286376953125,60.09074020385742,59.10633087158203,54.640926361083984,49.423301696777344,50.6792106628418,47.41551971435547
2015-12-03,45.891014099121094,41.79938507080078,38.93340301513672,35.643218994140625,35.771209716796875,39.349308013916016,48.695655822753906,60.353885650634766,62.95631408691406,64.38249969482422,63.307525634765625,63.33889389038086,60.37783432006836,58.17219543457031,56.124229431152344,54.30001449584961,54.0533447265625,60.03714370727539,64.60266876220703,63.39497756958008,58.153953552246094,52.99125289916992,53.94841384887695,51.11579895019531
2015-12-04,37.60274887084961,34.12196350097656,32.07897186279297,29.13435935974121,29.122159957885742,32.5560302734375,41.222869873046875,52.39950180053711,55.1245231628418,55.97521209716797,55.15331268310547,55.47504806518555,53.206199645996094,51.25627517700195,49.72820281982422,47.69249725341797,47.83081817626953,53.073516845703125,57.0823860168457,56.41567611694336,51.966529846191406,47.34097671508789,48.441429138183594,45.19672393798828
2015-12-05,36.580039978027344,32.79850769042969,30.67400360107422,28.118635177612305,27.236328125,29.108089447021484,33.67668151855469,39.69465637207031,43.28105163574219,45.48517990112305,45.658626556396484,46.276058197021484,45.05311584472656,42.36484909057617,39.835853576660156,37.97924041748047,38.48142623901367,43.266910552978516,47.66317367553711,48.85139465332031,46.780982971191406,43.50579833984375,45.209381103515625,41.76942443847656
2015-12-06,34.60991287231445,30.728397369384766,28.484643936157227,26.441986083984375,25.03516387939453,26.2777042388916,29.36688995361328,34.018028259277344,36.93927001953125,39.74913024902344,40.019187927246094,40.80842208862305,40.46510314941406,37.48585891723633,34.84391403198242,32.929420471191406,33.8363151550293,38.6102180480957,42.904380798339844,45.77586364746094,43.41386032104492,40.71044158935547,42.882476806640625,39.71467971801758
2015-12-07,33.09672927856445,29.97820472717285,28.11475372314453,25.195865631103516,25.43182373046875,29.288856506347656,38.92775344848633,50.42863845825195,53.14295196533203,53.66157531738281,52.87356185913086,53.26985168457031,50.976478576660156,49.523277282714844,47.96866226196289,46.361637115478516,46.65612030029297,51.43441390991211,54.27387619018555,53.95075225830078,49.0763053894043,44.570674896240234,45.97297668457031,42.25654220581055
2015-12-08,34.141387939453125,31.04700469970703,28.84482192993164,26.30540657043457,26.2954044342041,29.977258682250977,38.971614837646484,49.68092346191406,52.427101135253906,53.22810363769531,52.62942886352539,52.96406555175781,50.892127990722656,49.041053771972656,47.59475326538086,45.92720413208008,45.97574234008789,50.935279846191406,54.534263610839844,54.17791748046875,49.393436431884766,45.025047302246094,46.38222885131836,42.95000457763672
2015-12-09,38.97394943237305,35.24604034423828,33.061336517333984,30.080339431762695,29.908933639526367,33.23807144165039,41.811920166015625,52.20061111450195,55.10365295410156,56.28462600708008,55.392303466796875,55.472198486328125,53.39948272705078,51.68512725830078,49.72689437866211,47.973506927490234,47.96946716308594,53.468631744384766,58.08154296875,57.2331428527832,52.354156494140625,47.69578552246094,48.897098541259766,45.703426361083984
2015-12-10,41.3240852355957,37.29861831665039,35.16075134277344,32.18368148803711,31.84267807006836,35.13355255126953,43.77837371826172,54.89346694946289,57.810523986816406,58.69375228881836,57.81835174560547,57.839698791503906,55.404056549072266,53.54206085205078,51.58187484741211,49.71126937866211,49.784088134765625,55.27211380004883,59.56203079223633,59.11191940307617,54.3955078125,49.58829116821289,50.739501953125,47.616573333740234
2015-12-11,42.36834716796875,38.09627914428711,35.852455139160156,32.796024322509766,32.25732421875,35.23794937133789,42.828487396240234,52.464195251464844,55.44759750366211,57.11491394042969,56.569602966308594,56.39595031738281,54.15281677246094,51.94694137573242,50.040687561035156,48.02458953857422,48.17681884765625,53.85306167602539,58.613243103027344,58.13720703125,53.945377349853516,49.3599739074707,50.669883728027344,47.65711975097656
2015-12-12,40.275394439697266,36.0933723449707,33.743736267089844,31.15398406982422,30.113359451293945,31.84348487854004,36.42121124267578,42.6868782043457,45.75138473510742,48.49481964111328,48.667083740234375,49.30757141113281,47.82245635986328,44.72175216674805,42.159420013427734,40.34025955200195,40.34830856323242,45.43195343017578,50.65119552612305,51.94226837158203,49.47529983520508,45.675113677978516,47.208431243896484,44.11650466918945
2015-12-13,34.51416015625,30.46179962158203,28.510398864746094,26.27083396911621,25.270885467529297,26.526771545410156,30.127614974975586,35.23250961303711,38.45065689086914,40.70598220825195,41.352535247802734,42.30293273925781,41.483741760253906,38.271480560302734,36.1659049987793,34.65888977050781,34.96188735961914,39.30702209472656,43.67116165161133,45.78661346435547,44.228973388671875,41.24531555175781,42.994346618652344,39.56254577636719
2015-12-14,39.8677864074707,36.13121795654297,34.006256103515625,30.901668548583984,30.679025650024414,33.926856994628906,43.174903869628906,54.09977722167969,56.90212631225586,57.84992218017578,57.03947448730469,56.82936477661133,54.604820251464844,52.66756820678711,51.19981384277344,48.964073181152344,49.41547393798828,54.94239044189453,58.943359375,58.42066192626953,53.441036224365234,48.679622650146484,49.900367736816406,46.77214050292969
2015-12-15,39.53697967529297,35.83152389526367,33.595130920410156,30.52323341369629,30.155954360961914,33.354557037353516,41.716121673583984,52.03907012939453,54.8031005859375,55.7268180847168,55.18909454345703,55.243186950683594,53.064388275146484,51.07516860961914,49.3772087097168,47.51987075805664,47.43919372558594,53.09352493286133,57.20633316040039,56.90042495727539,52.32187271118164,47.75913619995117,48.966373443603516,45.99905014038086
2015-12-16,37.053768157958984,33.63658142089844,31.438678741455078,28.637849807739258,28.44492530822754,31.704635620117188,40.51723861694336,51.297943115234375,53.98832702636719,54.6370849609375,53.924339294433594,54.16196823120117,52.03895950317383,50.21015548706055,48.46959686279297,46.82869338989258,46.89445877075195,52.467987060546875,55.76436996459961,55.698123931884766,50.93545913696289,46.38288116455078,47.907161712646484,44.549129486083984
2015-12-17,35.00323486328125,31.707286834716797,29.42697525024414,26.892545700073242,26.43482208251953,29.40483856201172,37.121192932128906,46.22445297241211,48.946022033691406,50.185020446777344,49.57402038574219,50.088008880615234,48.434181213378906,46.343406677246094,44.56037902832031,42.73312759399414,43.06941604614258,48.0727424621582,51.48217010498047,51.883853912353516,48.3333854675293,44.2219123840332,46.016780853271484,42.38029479980469
2015-12-18,30.963443756103516,27.937026977539062,25.49908447265625,23.254796981811523,22.803293228149414,25.457931518554688,32.45777130126953,40.34038543701172,43.47683334350586,44.535377502441406,44.40900421142578,45.121646881103516,43.91489791870117,41.74652099609375,39.76030731201172,38.45020294189453,38.64508819580078,43.26554489135742,46.11180114746094,46.80269241333008,44.024986267089844,40.7302360534668,42.82286834716797,38.78323745727539
2015-12-19,28.830904006958008,25.49195098876953,23.52851104736328,21.462427139282227,20.387331008911133,20.600553512573242,22.612890243530273,23.10790252685547,26.31837272644043,30.160873413085938,32.03593063354492,31.689231872558594,31.640270233154297,28.604520797729492,25.80241584777832,24.292943954467773,25.206180572509766,29.936113357543945,33.92557907104492,36.45358657836914,37.68489456176758,36.97895050048828,38.9573974609375,35.040687561035156
2015-12-20,24.241371154785156,21.09417724609375,19.22693634033203,16.443695068359375,16.139747619628906,16.741262435913086,18.379680633544922,21.78627586364746,25.382478713989258,28.329090118408203,28.73691177368164,30.407699584960938,31.848115921020508,28.037860870361328,25.774173736572266,24.37273597717285,25.0926513671875,27.201459884643555,32.576568603515625,33.784690856933594,33.703041076660156,33.70472717285156,35.96666717529297,31.66733169555664
2015-12-21,26.05378532409668,24.151809692382812,22.343170166015625,20.004989624023438,20.396728515625,23.89654541015625,32.826107025146484,43.042301177978516,45.97903823852539,46.6386604309082,45.65998458862305,46.4014892578125,44.923282623291016,43.08665466308594,41.98082733154297,40.599395751953125,40.89726257324219,45.368202209472656,46.577823638916016,46.9581298828125,43.41508865356445,39.92585372924805,41.90711975097656,37.705257415771484
2015-12-22,28.35041046142578,25.87303352355957,23.284290313720703,21.014022827148438,21.60992431640625,25.228370666503906,33.48145294189453,43.851383209228516,46.379615783691406,46.942665100097656,46.078243255615234,47.14385986328125,45.18851852416992,43.57282257080078,42.42910385131836,41.08081817626953,40.956809997558594,44.64665985107422,46.83763122558594,47.27613830566406,44.515995025634766,40.93919372558594,42.57008743286133,39.08942413330078
2015-12-23,27.123531341552734,24.843420028686523,22.597869873046875,20.462047576904297,20.084638595581055,22.56488800048828,29.33939552307129,38.64257049560547,40.72743225097656,41.721195220947266,41.80119323730469,42.516700744628906,41.40045928955078,39.39141082763672,37.625343322753906,36.02531814575195,36.46265411376953,40.660987854003906,43.28828430175781,44.069278717041016,41.190773010253906,38.10803985595703,40.32776641845703,36.63899230957031
2015-12-24,22.826688766479492,19.536500930786133,18.211811065673828,16.546653747558594,15.991804122924805,17.86763572692871,21.61066246032715,27.473102569580078,30.27813148498535,29.686655044555664,30.818206787109375,32.913455963134766,32.18659591674805,29.636171340942383,28.060882568359375,26.658994674682617,27.858444213867188,31.302701950073242,33.523094177246094,35.85368728637695,35.67509841918945,33.441444396972656,37.114585876464844,31.371000289916992
2015-12-25,21.26806640625,17.849163055419922,15.465801239013672,14.853472709655762,12.764942169189453,12.694896697998047,12.387565612792969,14.206130981445312,17.30837631225586,19.554405212402344,21.153236389160156,22.460308074951172,24.9250545501709,20.443161010742188,20.961669921875,19.76824951171875,18.842737197875977,23.490982055664062,24.957521438598633,30.573410034179688,30.95448112487793,31.411985397338867,33.66828918457031,28.438356399536133
2015-12-26,15.934572219848633,16.121044158935547,13.726892471313477,12.171211242675781,10.11380386352539,13.100061416625977,14.692121505737305,21.032470703125,21.506872177124023,23.74941062927246,23.69802474975586,24.600433349609375,26.93299102783203,22.93849754333496,22.12834358215332,19.565744400024414,21.53310203552246,25.67319107055664,25.05184555053711,30.301738739013672,29.044095993041992,29.241214752197266,32.163124084472656,26.12110137939453
2015-12-27,17.929332733154297,14.557785034179688,12.65911865234375,10.003231048583984,10.847911834716797,11.929449081420898,12.237142562866211,16.111797332763672,18.543262481689453,20.69872283935547,21.681062698364258,21.383079528808594,21.571853637695312,20.290138244628906,17.799222946166992,17.319599151611328,19.056447982788086,22.98334503173828,24.407485961914062,29.596450805664062,29.92780876159668,28.849414825439453,30.9145565032959,25.54079246520996
2015-12-28,23.236101150512695,20.874067306518555,18.646038055419922,16.138803482055664,15.989081382751465,21.123130798339844,29.955615997314453,39.43513870239258,41.916656494140625,42.73303985595703,42.189483642578125,43.34431076049805,41.52840805053711,40.33195495605469,38.994834899902344,37.69025802612305,37.73569869995117,40.76704788208008,42.88075637817383,43.79549026489258,40.80107879638672,37.658843994140625,39.65596389770508,35.29323959350586
2015-12-29,26.657764434814453,24.63390350341797,22.478147506713867,19.58061981201172,19.525869369506836,22.837486267089844,29.86939239501953,38.712249755859375,41.431400299072266,42.18115997314453,41.47384262084961,42.591148376464844,41.51124572753906,39.6257209777832,37.91200256347656,37.326656341552734,37.63399124145508,41.30863952636719,42.80099105834961,44.71974182128906,41.696468353271484,39.11139678955078,41.51885223388672,36.9937858581543
2015-12-30,26.87506675720215,23.743131637573242,22.43258285522461,19.57291030883789,19.499114990234375,22.909687042236328,31.64558219909668,40.932945251464844,43.91328048706055,44.12870788574219,43.475852966308594,44.053558349609375,42.84534454345703,41.72670364379883,40.44331741333008,38.66035079956055,39.48657989501953,43.693267822265625,45.470863342285156,45.5720100402832,42.69675827026367,39.2301025390625,40.648170471191406,37.06694412231445
2015-12-31,27.157445907592773,24.292070388793945,22.48358154296875,19.927227020263672,19.831270217895508,21.68421173095703,27.47580909729004,35.359535217285156,37.286399841308594,39.12367630004883,39.052703857421875,40.59959030151367,39.17496109008789,37.727317810058594,36.35639190673828,34.916481018066406,35.577327728271484,39.14470672607422,40.773868560791016,42.884281158447266,40.41304397583008,37.90323257446289,40.06297302246094,35.96066665649414
2016-01-01,25.609643936157227,22.646095275878906,20.486858367919922,18.27861785888672,17.82701301574707,20.18006706237793,26.099655151367188,34.65911865234375,37.44461441040039,38.47418975830078,38.38801193237305,39.50814437866211,38.77615737915039,36.251041412353516,34.536258697509766,33.475196838378906,34.393531799316406,38.702213287353516,40.07664489746094,41.615020751953125,39.45998764038086,37.095455169677734,39.044403076171875,34.807254791259766
2016-01-02,21.585193634033203,19.236753463745117,16.849468231201172,15.28419303894043,14.106683731079102,16.712026596069336,21.33830451965332,30.495725631713867,31.400836944580078,31.644277572631836,31.775657653808594,33.68061065673828,32.717552185058594,30.958026885986328,29.301267623901367,28.334911346435547,29.253936767578125,32.8079948425293,34.457275390625,36.40499496459961,34.9893913269043,33.4293327331543,34.95197296142578,31.912315368652344
2016-01-03,25.9915714263916,22.412986755371094,20.26549530029297,18.735668182373047,16.740896224975586,17.809539794921875,19.253211975097656,21.31833267211914,26.975339889526367,27.118486404418945,29.1181640625,30.823890686035156,30.188888549804688,27.074487686157227,23.8863468170166,22.9516544342041,25.106035232543945,29.688827514648438,31.11036491394043,34.91022872924805,35.89067459106445,34.527557373046875,36.05605697631836,30.96633529663086
2016-01-04,26.079490661621094,23.548851013183594,21.716886520385742,19.09853744506836,19.218975067138672,23.689197540283203,33.195987701416016,43.96709060668945,45.97119903564453,46.032066345214844,45.385074615478516,45.914676666259766,44.19205093383789,42.97675704956055,42.077476501464844,40.5718994140625,41.186546325683594,45.965213775634766,47.559024810791016,47.56597900390625,43.59236145019531,39.86252212524414,41.9804573059082,37.36553955078125
2016-01-05,26.487289428710938,23.739398956298828,22.441011428833008,19.411102294921875,19.26433563232422,23.489866256713867,31.722551345825195,41.83422088623047,44.90822982788086,44.925987243652344,44.1384391784668,44.603515625,43.25054931640625,41.69143295288086,40.462162017822266,39.25507736206055,39.633445739746094,44.43827819824219,45.86846923828125,45.937992095947266,42.62143325805664,39.324501037597656,41.76078796386719,37.44607162475586
2016-01-06,30.700340270996094,27.518705368041992,25.64270782470703,23.06009864807129,23.29415512084961,26.136554718017578,32.74732971191406,42.001075744628906,44.63562774658203,46.00544357299805,45.397430419921875,46.16896057128906,44.368614196777344,42.598636627197266,41.38800048828125,39.55323791503906,40.05426025390625,44.796531677246094,47.358943939208984,47.37972640991211,44.16278839111328,41.147987365722656,42.89379119873047,39.31199264526367
2016-01-07,28.328771591186523,24.815229415893555,23.13864517211914,21.462303161621094,20.660125732421875,23.227720260620117,30.104660034179688,38.34099578857422,40.750423431396484,42.21253967285156,41.923851013183594,42.73516082763672,41.46689987182617,39.242698669433594,37.613441467285156,36.303138732910156,37.09821701049805,41.04756164550781,43.36058807373047,44.86748504638672,41.43796920776367,39.01434326171875,41.34982681274414,37.162506103515625
2016-01-08,29.701923370361328,26.554344177246094,24.849985122680664,21.866588592529297,21.458337783813477,24.568010330200195,30.77812957763672,38.555198669433594,41.4764404296875,43.15825271606445,42.909217834472656,43.72853088378906,42.35831069946289,39.69978332519531,38.159122467041016,36.27073287963867,36.94236755371094,41.45103454589844,44.16320037841797,45.39054870605469,42.89695358276367,40.052425384521484,42.15660858154297,37.796749114990234
2016-01-09,25.118576049804688,22.652706146240234,20.648448944091797,18.337413787841797,17.991287231445312,19.549964904785156,23.46772003173828,28.688928604125977,31.424936294555664,32.878578186035156,33.480979919433594,34.16770935058594,33.95722198486328,31.652591705322266,29.60727882385254,29.077377319335938,29.66017723083496,33.770301818847656,36.303924560546875,38.486961364746094,36.858402252197266,34.877532958984375,37.58081817626953,32.92567443847656
2016-01-10,22.171628952026367,18.308795928955078,16.662010192871094,15.79958438873291,14.294401168823242,15.748123168945312,17.985488891601562,22.034059524536133,24.493688583374023,26.268251419067383,25.92711067199707,27.544029235839844,28.775894165039062,26.44977378845215,24.282289505004883,24.128849029541016,24.37038803100586,28.512300491333008,30.778926849365234,33.66020965576172,33.30540466308594,32.47412872314453,35.22377014160156,30.166282653808594
2016-01-11,25.859901428222656,22.521068572998047,20.742246627807617,18.660701751708984,19.335681915283203,22.94853973388672,32.200225830078125,42.054080963134766,44.3673210144043,45.25651168823242,44.29411697387695,44.848148345947266,42.82577133178711,41.93955612182617,40.678253173828125,39.41761016845703,39.538368225097656,43.461639404296875,45.38352966308594,45.658775329589844,42.56321716308594,39.052635192871094,41.16435623168945,36.798362731933594
2016-01-12,27.15099334716797,24.075855255126953,22.419296264648438,20.120948791503906,20.70465660095215,24.025691986083984,31.95871353149414,41.99507141113281,44.650325775146484,45.19093704223633,44.4318962097168,45.16844177246094,43.61211013793945,42.175899505615234,40.82632064819336,39.55033493041992,39.93825149536133,44.03541946411133,46.062686920166016,46.43925094604492,42.97758102416992,39.81953430175781,41.83501434326172,37.597084045410156
2016-01-13,29.406848907470703,26.715614318847656,24.84218406677246,22.330974578857422,22.438753128051758,25.337871551513672,32.53790283203125,42.26469802856445,44.71095657348633,45.67481231689453,45.28173828125,45.946868896484375,44.403717041015625,42.60972595214844,41.22053146362305,39.76243209838867,40.03173828125,44.665191650390625,46.463233947753906,47.29274368286133,44.04153060913086,40.80138397216797,42.59918212890625,38.44450378417969
2016-01-14,31.715274810791016,28.636531829833984,26.568944931030273,23.898235321044922,23.67129898071289,26.636394500732422,34.1417236328125,43.57314682006836,46.336463928222656,47.15493392944336,47.0200080871582,47.298973083496094,45.540313720703125,43.771629333496094,42.286293029785156,40.650691986083984,41.012821197509766,46.0196647644043,48.74125289916992,49.09589385986328,45.42417526245117,41.72161865234375,43.83768081665039,39.99756622314453
2016-01-15,29.387319564819336,26.78458023071289,24.68283462524414,22.444459915161133,22.342557907104492,25.536060333251953,33.74047088623047,43.295989990234375,46.14604949951172,46.64683532714844,46.44491195678711,47.08497619628906,45.84053039550781,43.94727325439453,42.18155288696289,40.648582458496094,41.11579513549805,45.663055419921875,48.064884185791016,48.56269073486328,44.48326873779297,41.34928894042969,42.84537124633789,39.12200164794922
2016-01-16,34.43334197998047,30.947383880615234,28.63521957397461,26.26716423034668,25.300119400024414,27.387056350708008,32.79895782470703,40.08209991455078,43.086490631103516,44.82708740234375,44.93907928466797,45.63359451293945,44.182559967041016,41.757469177246094,39.92170715332031,38.32659912109375,38.72233581542969,43.50200653076172,47.206478118896484,47.97824478149414,44.908607482910156,41.97117233276367,43.89522933959961,40.36240768432617
2016-01-17,29.143407821655273,25.369346618652344,23.51395034790039,21.551843643188477,20.261409759521484,22.358295440673828,26.00525665283203,31.581281661987305,35.523956298828125,36.74420166015625,37.605350494384766,38.60379409790039,37.52132797241211,35.307010650634766,33.80039596557617,31.79033660888672,32.86608123779297,37.70620346069336,40.04874801635742,41.60866165161133,38.99653244018555,37.726036071777344,39.67499923706055,35.55725860595703
2016-01-18,30.005149841308594,27.29794692993164,25.07396125793457,22.19766616821289,22.157407760620117,25.739864349365234,34.774688720703125,44.4904670715332,47.546112060546875,48.0451545715332,47.630775451660156,48.262115478515625,46.543418884277344,44.92224884033203,43.303871154785156,41.56705093383789,41.96167755126953,46.69862365722656,49.031795501708984,48.865264892578125,45.080047607421875,41.704124450683594,43.617515563964844,39.82358169555664
2016-01-19,40.255157470703125,36.42501449584961,34.17203903198242,31.396299362182617,30.890344619750977,33.59273147583008,40.8997688293457,50.094303131103516,52.85142135620117,54.593299865722656,54.33675003051758,54.44346618652344,52.41080856323242,50.34150695800781,48.28466796875,46.05400848388672,46.14704132080078,51.25725555419922,55.886924743652344,55.8046989440918,51.84638214111328,47.655555725097656,49.304176330566406,46.166465759277344
2016-01-20,42.12390899658203,38.38894271850586,36.1900749206543,33.28398513793945,32.87704849243164,36.047142028808594,45.58534622192383,56.105735778808594,58.70130920410156,59.62164306640625,58.878318786621094,58.5942497253418,56.05599594116211,54.74066925048828,52.68586349487305,50.432926177978516,50.079402923583984,55.306358337402344,60.20104217529297,59.607818603515625,55.23640060424805,50.308570861816406,51.55142593383789,48.058406829833984
2016-01-21,43.43540573120117,39.6253547668457,37.30037307739258,34.11503601074219,33.74260330200195,37.083396911621094,46.05457305908203,56.961753845214844,59.892555236816406,60.91743087768555,59.85274124145508,59.684486389160156,57.22954559326172,55.243873596191406,53.49361038208008,51.004920959472656,50.9484977722168,56.766788482666016,61.43682861328125,60.61514663696289,56.17030334472656,51.33397674560547,52.0300178527832,49.28001022338867
2016-01-22,40.24241256713867,36.59040069580078,34.35706329345703,31.397117614746094,31.064483642578125,34.298770904541016,43.118553161621094,53.88420104980469,56.4576416015625,57.622867584228516,56.696041107177734,56.480140686035156,54.14321517944336,52.43053436279297,50.95245361328125,48.82837677001953,48.688209533691406,54.32099533081055,58.81626510620117,57.809776306152344,53.130096435546875,48.30618667602539,49.70536804199219,46.515419006347656
2016-01-23,33.555694580078125,30.397218704223633,28.205581665039062,25.833396911621094,25.038116455078125,26.85578155517578,31.687456130981445,38.12687683105469,41.0210075378418,42.97869873046875,43.183589935302734,43.9588623046875,42.703529357910156,40.14697265625,37.98577117919922,36.466461181640625,37.13689422607422,41.67112731933594,44.80082321166992,46.00244140625,43.63315963745117,41.052181243896484,43.281097412109375,39.49693298339844
2016-01-24,28.191654205322266,25.392765045166016,23.086685180664062,21.058408737182617,19.241172790527344,20.322383880615234,20.312469482421875,21.837942123413086,23.983356475830078,28.2352237701416,30.066246032714844,31.380144119262695,31.454172134399414,27.849571228027344,26.11508560180664,24.501144409179688,25.82573699951172,29.905818939208984,34.38724899291992,36.315216064453125,36.48557662963867,35.19110107421875,37.667869567871094,33.731178283691406
2016-01-25,31.401226043701172,28.530044555664062,26.521636962890625,24.01190185546875,23.750701904296875,27.096954345703125,34.80260467529297,44.411136627197266,47.1765251159668,48.54662322998047,47.648658752441406,48.05353927612305,46.16529846191406,44.508384704589844,43.040443420410156,41.33366775512695,41.70163345336914,46.762699127197266,49.6998176574707,49.44904708862305,45.523902893066406,41.96137237548828,44.17972946166992,40.32044219970703
2016-01-26,29.632369995117188,26.726909637451172,24.409151077270508,21.91922378540039,21.95761489868164,25.378097534179688,33.87807846069336,43.73194122314453,46.07337951660156,47.274505615234375,46.461307525634766,47.07159423828125,45.57172393798828,44.023170471191406,42.18375015258789,40.63446807861328,41.4156379699707,45.853477478027344,48.100929260253906,48.313968658447266,44.89241409301758,41.37898635864258,42.90297317504883,39.1298942565918
2016-01-27,29.152393341064453,26.406509399414062,24.486867904663086,21.97952651977539,21.58124351501465,24.737529754638672,32.162288665771484,41.43227767944336,44.15442657470703,45.53410339355469,45.02259063720703,45.78575897216797,43.951717376708984,42.43506622314453,40.602779388427734,39.22792434692383,39.64402389526367,44.53055191040039,46.29761505126953,46.74168014526367,42.98536682128906,39.358642578125,41.987117767333984,38.05829620361328
2016-01-28,27.371400833129883,25.00204849243164,22.983484268188477,20.11630630493164,20.173614501953125,24.330337524414062,33.473777770996094,43.8263053894043,46.0872802734375,46.55565643310547,46.02772521972656,46.43834686279297,44.828643798828125,43.317779541015625,41.92822265625,40.4003791809082,40.766387939453125,45.57772445678711,47.279239654541016,47.413578033447266,43.003379821777344,39.9343147277832,41.55183410644531,37.95807647705078
2016-01-29,25.48785400390625,22.563581466674805,21.03255844116211,18.437089920043945,18.195690155029297,20.724069595336914,25.889266967773438,33.281829833984375,35.87913513183594,37.460533142089844,38.29473876953125,39.49665069580078,38.203285217285156,35.91642761230469,34.427249908447266,32.886688232421875,34.03273010253906,38.84089660644531,39.64215087890625,40.60852813720703,37.90095138549805,36.306060791015625,38.70760726928711,34.02912139892578
2016-01-30,22.35283851623535,19.962392807006836,18.087310791015625,15.359291076660156,14.12637996673584,14.365251541137695,16.129785537719727,18.74624252319336,22.708759307861328,25.901376724243164,26.713977813720703,27.41930389404297,27.967077255249023,24.696752548217773,23.29573631286621,22.25071907043457,24.288803100585938,28.06174087524414,32.289939880371094,32.73536682128906,32.113243103027344,30.05782699584961,34.1277961730957,29.095340728759766
2016-01-31,19.094654083251953,16.859254837036133,14.143484115600586,11.757272720336914,9.10897445678711,10.46389389038086,6.147926330566406,3.4747085571289062,7.599636077880859,7.737548828125,13.302383422851562,18.07614517211914,20.217145919799805,15.678020477294922,12.887413024902344,12.396078109741211,13.529790878295898,15.294696807861328,20.321285247802734,24.714284896850586,26.29876136779785,25.802125930786133,30.084915161132812,25.664081573486328
2016-02-01,21.61993980407715,18.273733139038086,16.594844818115234,14.093317031860352,13.406600952148438,17.128047943115234,24.36324691772461,33.55654525756836,36.29408645629883,36.639488220214844,37.42759704589844,37.91986083984375,37.412315368652344,35.98537826538086,33.881591796875,33.26647186279297,34.254920959472656,38.574195861816406,39.52299118041992,40.01652526855469,36.68617248535156,33.82521057128906,36.94944381713867,32.41651916503906
2016-02-02,20.670799255371094,17.95711898803711,16.07292366027832,12.775924682617188,12.663541793823242,16.840103149414062,24.009811401367188,32.96795654296875,34.94658660888672,35.29144287109375,35.94129943847656,37.57829284667969,36.95820617675781,35.31587219238281,33.24938201904297,32.11830520629883,33.222537994384766,37.91410446166992,38.332786560058594,39.14855194091797,35.65998458862305,33.265628814697266,36.58116149902344,31.498863220214844
2016-02-03,25.08370590209961,22.982934951782227,20.964492797851562,18.33384132385254,17.672679901123047,20.734111785888672,27.296436309814453,36.464942932128906,37.63910675048828,38.54689407348633,39.622962951660156,40.5205192565918,39.65496826171875,37.6967887878418,36.26438522338867,34.555477142333984,34.94186019897461,39.303287506103516,41.76102066040039,42.502803802490234,39.594181060791016,37.126792907714844,39.99418258666992,35.109554290771484
2016-02-04,25.513893127441406,23.140806198120117,21.082094192504883,19.006582260131836,18.054906845092773,20.912195205688477,26.495983123779297,34.96208572387695,37.842926025390625,38.99643325805664,38.9874382019043,39.500091552734375,38.4345588684082,37.52109909057617,35.2542839050293,33.689029693603516,34.640907287597656,38.74934387207031,40.395355224609375,41.14966583251953,38.28068542480469,35.753334045410156,38.16392135620117,33.982208251953125
2016-02-05,23.442218780517578,21.295711517333984,18.7999267578125,16.956533432006836,15.34107780456543,19.09300994873047,23.82965850830078,31.431533813476562,34.06718444824219,34.290618896484375,35.44580078125,36.37002182006836,36.24655532836914,33.84471130371094,32.337989807128906,30.9127197265625,31.633747100830078,35.372894287109375,37.65525817871094,39.21993637084961,37.26251220703125,34.87657165527344,37.649986267089844,33.05738067626953
2016-02-06,23.220096588134766,20.177104949951172,17.32056427001953,16.065818786621094,14.586193084716797,15.403629302978516,15.606060028076172,16.428396224975586,20.4396915435791,22.290897369384766,23.23328399658203,26.26329803466797,25.633512496948242,22.770034790039062,19.292078018188477,18.12407112121582,19.099966049194336,24.33303451538086,26.3960018157959,28.876108169555664,29.232398986816406,30.00503921508789,33.25325393676758,27.732534408569336
2016-02-07,14.342950820922852,11.693199157714844,9.609695434570312,7.980274200439453,6.722099304199219,9.326330184936523,9.059961318969727,13.071052551269531,15.015487670898438,16.212547302246094,20.045028686523438,21.143878936767578,21.182130813598633,18.13857650756836,15.970672607421875,15.275070190429688,18.189363479614258,22.819387435913086,22.32804298400879,24.82067108154297,24.617799758911133,27.382625579833984,30.084644317626953,23.8051815032959
2016-02-08,16.891202926635742,14.9984130859375,13.371273040771484,9.962512969970703,11.65646743774414,16.289024353027344,25.423927307128906,35.2242431640625,38.12144470214844,38.56428527832031,37.15816879272461,38.400360107421875,38.14801788330078,37.0032844543457,35.35228729248047,33.245140075683594,34.283538818359375,38.552494049072266,39.45808410644531,39.73792266845703,35.12632751464844,33.38176727294922,36.39454650878906,31.11045265197754
2016-02-09,23.81585693359375,21.129737854003906,18.758567810058594,16.441198348999023,16.461593627929688,19.280054092407227,25.699981689453125,33.919044494628906,36.76390075683594,38.09517288208008,38.381614685058594,39.065311431884766,37.55003356933594,35.43537902832031,34.70734405517578,33.149654388427734,33.16594696044922,38.056034088134766,39.82267761230469,40.58283996582031,37.63362121582031,35.31575012207031,38.54893493652344,33.55707550048828
2016-02-10,21.510034561157227,19.67833709716797,16.713869094848633,14.850837707519531,14.292806625366211,18.273853302001953,25.5565185546875,34.33753967285156,36.95457458496094,37.360328674316406,37.684898376464844,39.012855529785156,37.546329498291016,36.5205192565918,34.605918884277344,33.39787673950195,34.418758392333984,38.16645050048828,38.891754150390625,39.29917907714844,36.66978454589844,34.60127258300781,37.82653045654297,33.466522216796875
2016-02-11,25.282032012939453,22.81243896484375,20.62018585205078,18.574230194091797,18.371078491210938,21.45935821533203,28.27915382385254,36.50847625732422,39.053466796875,39.81385803222656,39.296749114990234,40.2603759765625,39.322601318359375,37.326904296875,35.48785400390625,34.435237884521484,35.09751892089844,39.78903579711914,42.85443115234375,42.86552429199219,39.430503845214844,37.12331008911133,39.156150817871094,34.5144157409668
2016-02-12,26.61142349243164,23.774688720703125,21.487239837646484,18.718040466308594,18.384071350097656,20.969146728515625,27.651580810546875,35.529937744140625,38.01902770996094,39.058013916015625,38.86178970336914,40.36614227294922,38.96977233886719,37.08414077758789,34.91843032836914,34.234107971191406,34.90253448486328,39.43761444091797,41.004920959472656,42.46623229980469,39.75877380371094,36.88468933105469,39.51979446411133,35.52483367919922
2016-02-13,25.421022415161133,21.66386604309082,19.807659149169922,17.618906021118164,16.491506576538086,17.5770263671875,17.914264678955078,22.1675968170166,23.896625518798828,24.653425216674805,26.301836013793945,27.718692779541016,28.411785125732422,25.3426456451416,23.108837127685547,20.68918228149414,21.502246856689453,25.888042449951172,29.93398666381836,33.163482666015625,34.043418884277344,31.906972885131836,35.2611198425293,30.333158493041992
2016-02-14,19.96865463256836,17.374229431152344,16.96172332763672,13.749069213867188,13.09719467163086,13.702230453491211,14.965072631835938,16.383848190307617,20.55286407470703,22.723234176635742,23.003419876098633,25.567625045776367,26.341678619384766,23.534143447875977,20.883440017700195,21.0404109954834,21.9285945892334,25.08954429626465,27.155855178833008,30.99477767944336,29.310667037963867,28.8354434967041,32.51881408691406,27.61515235900879
2016-02-15,21.407915115356445,19.962514877319336,18.4030704498291,16.004913330078125,16.193836212158203,19.73072624206543,28.420001983642578,38.87602996826172,41.573585510253906,42.03413772583008,41.329139709472656,42.027374267578125,40.300743103027344,38.9456672668457,37.25352096557617,36.052772521972656,36.941009521484375,41.5613899230957,42.536251068115234,42.84341049194336,38.959957122802734,36.025360107421875,38.91556167602539,34.615882873535156
2016-02-16,25.256328582763672,23.301088333129883,21.696964263916016,18.897541046142578,19.063743591308594,22.116474151611328,29.128978729248047,37.916290283203125,40.52532958984375,41.07670211791992,40.641666412353516,42.31709671020508,40.548885345458984,38.73291015625,37.36912536621094,35.682254791259766,36.0655517578125,40.80092239379883,41.83423614501953,42.30408477783203,40.43977355957031,37.419960021972656,39.731964111328125,35.761985778808594
2016-02-17,27.998123168945312,25.775577545166016,24.130516052246094,21.483400344848633,20.91733169555664,24.038789749145508,30.981204986572266,39.91536331176758,42.64679718017578,43.734657287597656,43.2012825012207,43.59202575683594,42.41716766357422,40.16958236694336,38.796775817871094,37.5598258972168,38.1613655090332,42.597564697265625,45.08293914794922,44.69945526123047,42.01431655883789,38.70991516113281,40.800724029541016,36.941959381103516
2016-02-18,31.824392318725586,28.827970504760742,26.772296905517578,24.807998657226562,24.199541091918945,26.808238983154297,33.25281524658203,41.93019485473633,44.55575180053711,45.87253952026367,46.0018196105957,46.46759033203125,44.88813018798828,43.03711700439453,40.971656799316406,39.41098403930664,39.93916702270508,44.65921401977539,46.98230743408203,47.53556823730469,44.95131301879883,41.41458511352539,43.39584732055664,39.62016677856445
2016-02-19,30.324356079101562,26.794742584228516,25.17987060546875,22.917097091674805,21.972043991088867,24.16554069519043,29.699434280395508,37.32856369018555,39.70962142944336,41.58354187011719,41.482505798339844,42.41431427001953,40.78607177734375,38.45968246459961,36.57170867919922,35.030853271484375,35.56590270996094,40.4570198059082,43.25526428222656,43.824623107910156,41.48957061767578,38.88639831542969,41.15341567993164,37.2975959777832
2016-02-20,24.5511474609375,21.393470764160156,19.407848358154297,18.548898696899414,17.28289031982422,17.08181381225586,18.294269561767578,21.714555740356445,22.88283920288086,27.048927307128906,27.740175247192383,29.920324325561523,28.923002243041992,24.74212646484375,23.22109603881836,21.228134155273438,22.61796760559082,28.063417434692383,30.928693771362305,34.141212463378906,32.53101348876953,32.074005126953125,34.49579620361328,30.127294540405273
2016-02-21,17.828575134277344,15.175952911376953,13.954992294311523,13.155534744262695,9.501874923706055,7.808475494384766,0.4187812805175781,-2.4052276611328125,0.3453102111816406,2.231639862060547,4.854434967041016,10.392681121826172,14.077869415283203,6.649051666259766,4.326244354248047,4.915504455566406,6.6584320068359375,13.408344268798828,12.546619415283203,20.525146484375,22.831375122070312,24.10847282409668,26.963064193725586,22.371129989624023
2016-02-22,20.10912322998047,18.94300079345703,16.87395477294922,15.14026165008545,14.570242881774902,17.379596710205078,25.424213409423828,34.21736526489258,36.73564910888672,36.364471435546875,36.69313049316406,37.67860412597656,36.66752243041992,34.52793884277344,33.18132400512695,32.286075592041016,32.88835525512695,38.3013916015625,39.60570526123047,39.27167510986328,35.59212875366211,31.97964859008789,35.40843963623047,30.97643280029297
2016-02-23,23.11599349975586,20.058258056640625,19.257841110229492,17.099864959716797,17.318279266357422,20.249828338623047,26.934158325195312,35.674644470214844,37.69922637939453,39.36956787109375,39.28546142578125,40.2436637878418,38.23357391357422,36.7646484375,35.561649322509766,34.40873718261719,35.133384704589844,39.20351028442383,40.688697814941406,41.289798736572266,39.05271911621094,35.8424072265625,37.368324279785156,33.38506317138672
2016-02-24,25.72998046875,23.164451599121094,21.633604049682617,19.548006057739258,19.27644157409668,21.527990341186523,27.9842529296875,35.1250114440918,38.002864837646484,39.654945373535156,39.37651443481445,40.47181701660156,38.693748474121094,36.86479568481445,35.34169387817383,33.99429702758789,35.03385543823242,38.75725173950195,41.142459869384766,41.258636474609375,39.0937385559082,36.968017578125,38.70550537109375,34.68019485473633
2016-02-25,29.037797927856445,26.498733520507812,24.311100006103516,22.398883819580078,21.848556518554688,23.805747985839844,28.374786376953125,35.8907356262207,38.76946258544922,40.060951232910156,40.745445251464844,41.39450454711914,39.720550537109375,38.096500396728516,35.854820251464844,34.360198974609375,34.58305740356445,38.39752197265625,41.54510498046875,43.03173828125,40.954246520996094,38.45164489746094,40.04414749145508,36.45839309692383
2016-02-26,26.84368896484375,24.343923568725586,22.377620697021484,20.600799560546875,20.078275680541992,21.418106079101562,24.56594467163086,31.183536529541016,34.436126708984375,36.56793212890625,36.3764533996582,37.597476959228516,36.66440963745117,33.89801025390625,32.06529235839844,31.104896545410156,31.958616256713867,35.555084228515625,38.467533111572266,39.531455993652344,37.943138122558594,36.07602310180664,38.4447135925293,33.853782653808594
2016-02-27,23.970932006835938,21.80986213684082,19.902929306030273,18.32883071899414,16.831314086914062,17.04576873779297,17.85135269165039,21.16926383972168,25.0428524017334,28.46036720275879,27.521438598632812,29.823932647705078,29.79226303100586,26.351123809814453,24.255069732666016,22.999643325805664,25.117250442504883,29.37685203552246,31.241628646850586,33.91254425048828,32.637855529785156,31.378868103027344,33.83977508544922,29.84088897705078
2016-02-28,22.16805076599121,19.797306060791016,17.034255981445312,16.059112548828125,14.74371337890625,15.66633415222168,14.37966537475586,17.298738479614258,18.148651123046875,18.382041931152344,21.581790924072266,24.156755447387695,25.972448348999023,19.49982261657715,18.917322158813477,19.095298767089844,19.433034896850586,24.17557144165039,27.847089767456055,30.692405700683594,30.299650192260742,29.239910125732422,31.044687271118164,27.51091957092285
2016-02-29,22.224241256713867,20.5058536529541,18.806955337524414,16.533451080322266,16.295669555664062,20.206649780273438,28.142189025878906,37.30100631713867,39.592811584472656,40.39590072631836,39.76724624633789,41.036888122558594,39.182716369628906,38.21293640136719,36.85942840576172,35.43394088745117,36.42997741699219,40.09360885620117,40.68218994140625,41.64772033691406,38.940250396728516,35.59388732910156,37.399932861328125,34.19053268432617
2016-03-01,27.922515869140625,25.467853546142578,23.686798095703125,21.696025848388672,21.423744201660156,24.014747619628906,30.412254333496094,38.636016845703125,41.503231048583984,42.91493606567383,42.34105682373047,42.8797607421875,40.845455169677734,39.250205993652344,37.72515106201172,36.78828048706055,37.032283782958984,41.03153610229492,43.715362548828125,43.45650100708008,40.716468811035156,38.25862121582031,39.84981918334961,36.2291259765625
2016-03-02,27.302288055419922,23.597007751464844,22.173171997070312,20.24237823486328,19.806522369384766,21.608264923095703,26.979759216308594,34.030723571777344,37.456687927246094,39.11137771606445,38.87474822998047,39.440834045410156,38.43454360961914,35.663230895996094,33.25899124145508,32.54721450805664,33.050376892089844,37.9947509765625,40.33479690551758,40.89418029785156,38.50788497924805,36.042232513427734,38.40784454345703,35.22645568847656
2016-03-03,26.48476791381836,23.699575424194336,21.417640686035156,20.23987579345703,19.83599090576172,21.783218383789062,26.77059555053711,33.57685852050781,35.821041107177734,37.70555877685547,37.45305633544922,39.09088134765625,37.39945602416992,35.26567840576172,33.639652252197266,31.978134155273438,32.74999237060547,37.5750732421875,40.76323318481445,40.17167663574219,37.98701858520508,35.975460052490234,38.02940368652344,34.195865631103516
2016-03-04,26.73482894897461,23.23113250732422,21.461292266845703,20.047863006591797,19.322263717651367,21.257938385009766,26.21800994873047,31.950035095214844,35.31742858886719,36.47380447387695,36.738773345947266,37.196632385253906,36.916465759277344,34.802207946777344,33.756935119628906,32.44154357910156,32.898529052734375,37.32176208496094,39.48650360107422,40.503684997558594,38.172882080078125,35.54090118408203,37.411705017089844,33.76179885864258
2016-03-05,25.54568099975586,23.299009323120117,21.554340362548828,19.60990333557129,18.516002655029297,18.594404220581055,21.059728622436523,24.3591365814209,25.855148315429688,28.895465850830078,29.224300384521484,31.645448684692383,31.235591888427734,28.360586166381836,25.077972412109375,24.2707462310791,25.457117080688477,30.773244857788086,33.932090759277344,36.055992126464844,34.62031936645508,32.62828826904297,35.695655822753906,32.58351135253906
2016-03-06,23.468917846679688,19.782575607299805,19.38323974609375,18.003597259521484,15.544637680053711,15.533824920654297,14.236207962036133,12.819480895996094,15.48794937133789,18.272891998291016,20.520200729370117,23.255300521850586,23.899106979370117,19.828672409057617,17.986440658569336,16.564542770385742,17.766077041625977,23.617164611816406,25.26841163635254,29.047077178955078,29.709928512573242,29.507312774658203,31.029207229614258,28.346519470214844
2016-03-07,26.28680419921875,24.141525268554688,22.246713638305664,20.56928253173828,20.03689193725586,22.674522399902344,29.08551788330078,37.38154602050781,40.30868911743164,41.72044372558594,40.92652893066406,41.46685028076172,39.8542366027832,38.76695251464844,36.71015548706055,35.138832092285156,36.243980407714844,40.48746109008789,42.608001708984375,43.18211364746094,39.96940994262695,36.52518081665039,38.7308349609375,35.03425598144531
2016-03-08,28.30712127685547,25.161569595336914,23.847965240478516,22.105831146240234,21.53753662109375,23.630159378051758,29.934043884277344,38.224117279052734,40.82948684692383,42.195457458496094,41.804569244384766,42.487213134765625,41.04404830932617,38.72188949584961,36.857635498046875,35.25489044189453,36.4957160949707,40.53618621826172,42.930362701416016,43.92959213256836,40.90913391113281,37.51642990112305,40.12562942504883,36.492923736572266
2016-03-09,26.232074737548828,23.495498657226562,21.293691635131836,19.496509552001953,19.11548614501953,21.503437042236328,27.54941177368164,34.96064758300781,37.14807891845703,38.27851867675781,38.553504943847656,39.341392517089844,37.728824615478516,35.847503662109375,34.32582473754883,32.68102264404297,33.68383026123047,38.082481384277344,40.82283401489258,40.82639694213867,37.91839599609375,35.20372772216797,37.58869171142578,34.30767822265625
2016-03-10,26.579570770263672,23.176416397094727,21.219341278076172,19.95470428466797,18.75244903564453,20.965530395507812,26.517276763916016,33.79490661621094,35.57964324951172,37.49708938598633,37.01118469238281,37.442344665527344,36.89120864868164,34.74799346923828,33.252906799316406,31.741893768310547,32.2613639831543,36.80472946166992,39.207462310791016,40.168663024902344,37.773887634277344,35.754032135009766,37.27637481689453,33.761714935302734
2016-03-11,27.5313720703125,24.903030395507812,22.47683334350586,20.336435317993164,20.10845184326172,21.13062286376953,25.996152877807617,31.896991729736328,34.891944885253906,36.4737434387207,36.57648468017578,37.47230529785156,36.904205322265625,34.088722229003906,31.786846160888672,30.448863983154297,31.850492477416992,36.123924255371094,39.44007873535156,40.00837707519531,37.47571563720703,35.26082992553711,37.531368255615234,34.042667388916016
2016-03-12,26.847503662109375,23.889606475830078,20.96365737915039,19.58185577392578,17.915035247802734,17.708568572998047,17.964855194091797,18.06273651123047,20.987764358520508,26.069791793823242,27.211469650268555,28.38764190673828,28.80714988708496,25.246829986572266,22.56803321838379,21.40107536315918,22.643600463867188,27.448566436767578,31.382770538330078,33.806884765625,32.60011291503906,32.20496368408203,35.28981399536133,30.412322998046875
2016-03-13,26.200626373291016,21.434974670410156,19.727630615234375,17.602962493896484,15.77546501159668,15.830361366271973,14.576316833496094,17.372241973876953,20.567371368408203,22.514554977416992,24.378372192382812,25.983572006225586,25.77240562438965,22.673189163208008,20.42150115966797,18.006912231445312,20.179534912109375,23.465898513793945,29.73124885559082,31.14749526977539,31.006065368652344,29.424320220947266,33.423728942871094,29.174922943115234
2016-03-14,26.226594924926758,23.782262802124023,22.15135383605957,20.134809494018555,19.975723266601562,22.896936416625977,29.359176635742188,38.206016540527344,40.831382751464844,41.74090576171875,40.987003326416016,41.77040100097656,39.96724319458008,38.390220642089844,36.92976760864258,35.75407791137695,36.113197326660156,40.4734992980957,43.27348327636719,43.44158172607422,40.17641067504883,37.371891021728516,39.5546760559082,35.69171905517578
2016-03-15,27.626483917236328,25.36528968811035,23.416248321533203,21.17925262451172,20.725299835205078,22.75153350830078,28.18608856201172,35.142234802246094,38.14878845214844,39.62845993041992,39.111328125,39.49338150024414,38.470367431640625,36.741580963134766,35.02944564819336,33.485801696777344,34.405906677246094,39.30001449584961,41.34727478027344,42.31079864501953,39.53137969970703,36.66602325439453,39.02538299560547,35.18022918701172
2016-03-16,23.506999969482422,21.55059051513672,19.645156860351562,18.048587799072266,17.888622283935547,19.046354293823242,22.721492767333984,29.878063201904297,31.959775924682617,33.498905181884766,33.88988494873047,34.98805236816406,33.914085388183594,31.804508209228516,30.166494369506836,28.903953552246094,29.768970489501953,33.97077941894531,38.019535064697266,37.94512176513672,36.34458923339844,33.01542663574219,35.55638122558594,31.727563858032227
2016-03-17,26.727783203125,23.932228088378906,22.02974510192871,20.247730255126953,19.44937515258789,20.985248565673828,25.563854217529297,31.524208068847656,33.96391296386719,35.5560302734375,37.120262145996094,37.79877471923828,36.72268295288086,34.242210388183594,32.02585983276367,30.270360946655273,31.28084945678711,35.71342849731445,38.94989776611328,39.80477523803711,37.34584045410156,35.404441833496094,37.25846481323242,34.156131744384766
2016-03-18,28.07025718688965,25.102210998535156,23.45403289794922,21.803955078125,21.15066909790039,21.953125,24.76436996459961,29.317014694213867,32.91291427612305,35.10915756225586,34.830284118652344,36.005027770996094,35.27904510498047,32.05244445800781,30.707063674926758,29.517192840576172,30.31043243408203,33.8494987487793,38.08335876464844,39.802085876464844,37.651954650878906,36.09447479248047,38.10167694091797,34.50545883178711
2016-03-19,27.736404418945312,25.123584747314453,22.998783111572266,21.476276397705078,19.382225036621094,19.02295684814453,18.071748733520508,16.38746452331543,19.584197998046875,24.03818702697754,26.03696632385254,27.220033645629883,27.68312644958496,23.551050186157227,21.627241134643555,19.212894439697266,19.721561431884766,24.426639556884766,31.03482437133789,34.54868698120117,34.13184356689453,33.21651077270508,35.027320861816406,31.791763305664062
2016-03-20,24.745054244995117,21.018329620361328,19.52622413635254,18.72006607055664,17.328693389892578,14.199018478393555,7.870323181152344,7.487377166748047,7.718318939208984,11.92572021484375,12.458858489990234,15.153602600097656,18.3671875,12.480079650878906,9.577930450439453,9.838546752929688,8.872604370117188,15.430564880371094,22.439208984375,25.196800231933594,27.50537872314453,26.722257614135742,30.345808029174805,26.361602783203125
2016-03-21,29.17185401916504,26.48235321044922,24.801189422607422,22.83262825012207,22.37256622314453,24.60409164428711,30.580928802490234,38.61018753051758,41.618194580078125,42.833984375,42.67792510986328,43.115257263183594,41.381324768066406,39.31007385253906,37.8531608581543,36.085296630859375,36.63358688354492,40.86466979980469,43.687034606933594,44.703121185302734,41.94165802001953,38.164363861083984,40.48326873779297,37.18013381958008
2016-03-22,29.700546264648438,26.273143768310547,24.8598575592041,23.00045394897461,22.236234664916992,24.071699142456055,29.580612182617188,37.09223175048828,39.596923828125,40.77446365356445,41.08733367919922,41.60142517089844,40.383975982666016,38.5145263671875,36.57775115966797,34.87908172607422,35.499656677246094,39.83209228515625,42.62165451049805,43.29035568237305,40.63152313232422,38.054710388183594,39.602081298828125,36.64495086669922
2016-03-23,28.34796142578125,25.556602478027344,23.769094467163086,22.351463317871094,21.87436294555664,23.4156551361084,27.341726303100586,32.83556365966797,35.85578918457031,37.63724899291992,37.535614013671875,38.2504768371582,37.00145721435547,34.30109405517578,32.39452362060547,31.63642692565918,32.07014465332031,36.51935958862305,39.27134704589844,40.63397216796875,38.5888786315918,36.37959289550781,38.49064254760742,35.29366683959961
2016-03-24,28.98457908630371,26.4447021484375,24.221912384033203,22.98383331298828,21.9703369140625,23.28478240966797,27.060760498046875,33.451385498046875,35.757118225097656,37.880165100097656,38.2805061340332,38.31884765625,37.70663070678711,35.021636962890625,32.570892333984375,31.358760833740234,31.919340133666992,36.833038330078125,39.541221618652344,41.266502380371094,39.21156692504883,36.92143249511719,38.618438720703125,34.87873077392578
2016-03-25,28.06702995300293,25.880950927734375,24.092496871948242,22.387418746948242,21.8343563079834,21.767620086669922,24.799983978271484,29.349170684814453,31.298372268676758,33.35669708251953,33.65298843383789,34.455142974853516,33.62189483642578,31.689605712890625,28.608516693115234,26.95140838623047,27.913043975830078,33.111778259277344,36.551876068115234,38.15399932861328,36.52407455444336,34.4733772277832,36.72132873535156,33.581077575683594
2016-03-26,24.647075653076172,22.075664520263672,21.265377044677734,19.90359115600586,18.33401870727539,17.491580963134766,12.584295272827148,8.486736297607422,14.074207305908203,18.152507781982422,18.639892578125,20.38511848449707,21.000749588012695,17.806962966918945,14.672719955444336,14.01246452331543,15.702606201171875,20.462812423706055,24.779024124145508,29.572757720947266,29.14365577697754,29.137126922607422,31.693889617919922,28.07569694519043
2016-03-27,16.735349655151367,13.728691101074219,11.343849182128906,12.040351867675781,9.728202819824219,6.143461227416992,-0.9621658325195312,-3.74676513671875,-2.6304931640625,3.9547157287597656,7.140647888183594,7.525592803955078,13.500152587890625,8.349678039550781,2.6996116638183594,3.8189735412597656,4.626045227050781,7.067203521728516,13.774543762207031,17.22158432006836,20.254535675048828,21.14768409729004,22.708065032958984,20.475318908691406
2016-03-28,16.92824363708496,14.218082427978516,12.890533447265625,12.910102844238281,11.840047836303711,12.027706146240234,13.74911117553711,13.46438217163086,17.525541305541992,19.485698699951172,21.32565689086914,21.100887298583984,23.1741886138916,20.0085391998291,19.622873306274414,17.706933975219727,18.278812408447266,21.990352630615234,24.86416244506836,29.49325942993164,27.507728576660156,25.44939422607422,27.57101058959961,23.92548179626465
2016-03-29,19.347434997558594,17.142061233520508,15.45002555847168,13.56999397277832,13.648042678833008,17.09379768371582,23.756425857543945,32.19364929199219,34.555912017822266,34.43788146972656,34.362327575683594,34.863380432128906,33.94099044799805,32.14936828613281,30.842416763305664,29.937620162963867,30.927398681640625,35.03900909423828,36.98297119140625,37.1334114074707,32.37364959716797,29.278854370117188,31.771520614624023,28.97209930419922
2016-03-30,24.466169357299805,22.082317352294922,20.47382926940918,18.777429580688477,18.20921516418457,20.117496490478516,24.802093505859375,30.94313621520996,33.888912200927734,34.611534118652344,34.566749572753906,34.18144226074219,33.861175537109375,31.94124984741211,29.780128479003906,28.55035400390625,29.31207275390625,34.225982666015625,37.192169189453125,38.20751953125,36.09787368774414,33.387332916259766,35.35181427001953,31.562259674072266
2016-03-31,24.830669403076172,22.088985443115234,20.474803924560547,18.78636932373047,18.465560913085938,20.99483299255371,26.020404815673828,33.269954681396484,35.58833312988281,36.4195671081543,36.473106384277344,36.7166748046875,35.427547454833984,33.768035888671875,32.300880432128906,30.84355926513672,32.43993377685547,36.29872512817383,39.05009078979492,39.39216232299805,36.91602325439453,34.106468200683594,36.173500061035156,33.13838577270508
2016-04-01,24.538066864013672,21.954463958740234,20.36349105834961,18.060977935791016,17.144521713256836,19.035730361938477,22.59514808654785,27.735578536987305,30.85740852355957,31.010181427001953,31.62398910522461,32.56886291503906,32.58751678466797,30.774580001831055,28.29583740234375,26.793262481689453,27.840023040771484,32.19810104370117,35.55466842651367,36.84749221801758,34.87290573120117,32.80327224731445,34.61777114868164,31.341564178466797
2016-04-02,24.211219787597656,19.49858283996582,18.64485740661621,16.717754364013672,16.590614318847656,16.364322662353516,14.905019760131836,17.797086715698242,20.150876998901367,23.266969680786133,23.664142608642578,24.654945373535156,23.210227966308594,21.888383865356445,19.279102325439453,18.163015365600586,19.28474235534668,21.638431549072266,27.460981369018555,31.557456970214844,28.96462059020996,29.0655574798584,31.622644424438477,27.595176696777344
2016-04-03,20.326799392700195,16.183292388916016,15.46108627319336,15.728167533874512,13.870102882385254,14.005474090576172,7.941976547241211,6.266910552978516,7.748085021972656,12.026538848876953,13.19284439086914,14.746383666992188,15.935321807861328,11.28213882446289,9.178043365478516,8.17434310913086,11.231157302856445,13.738956451416016,16.091571807861328,19.734317779541016,23.782033920288086,23.853757858276367,25.625934600830078,21.633764266967773
2016-04-04,22.80555534362793,20.145984649658203,18.901020050048828,16.46957778930664,15.901863098144531,18.585275650024414,23.638275146484375,31.806522369384766,33.73743438720703,34.96751403808594,34.85582733154297,35.68318176269531,34.57345199584961,32.71199035644531,31.29034996032715,29.425323486328125,29.989139556884766,34.27440643310547,35.94948959350586,37.763797760009766,35.9447135925293,32.83857345581055,34.385169982910156,31.125629425048828
2016-04-05,26.478107452392578,23.9913330078125,22.133594512939453,20.100055694580078,19.64313507080078,21.952545166015625,27.159461975097656,35.70954895019531,37.24356460571289,38.202545166015625,38.33668899536133,38.29704284667969,37.29544448852539,36.08441925048828,34.03472900390625,32.3353271484375,33.09453201293945,37.694732666015625,40.12424087524414,41.89982986450195,38.53822708129883,35.21574401855469,37.099647521972656,33.88702392578125
2016-04-06,24.51152229309082,22.15367889404297,19.194774627685547,18.059537887573242,18.025470733642578,19.022932052612305,22.73595428466797,29.043670654296875,30.381879806518555,31.96223258972168,32.44163513183594,33.06256866455078,33.285369873046875,30.166019439697266,28.906574249267578,27.81856346130371,28.469589233398438,31.96432876586914,35.77678298950195,35.976402282714844,33.63958740234375,32.503135681152344,34.861305236816406,31.016075134277344
2016-04-07,24.249347686767578,20.869335174560547,19.615230560302734,17.920284271240234,17.308834075927734,19.747037887573242,24.25301742553711,28.698495864868164,31.512954711914062,33.544219970703125,33.064239501953125,33.73370361328125,33.106964111328125,31.25478172302246,28.459543228149414,27.70355796813965,28.845748901367188,31.76776885986328,35.24378204345703,37.91928482055664,34.614681243896484,31.676437377929688,34.70105743408203,31.655948638916016
2016-04-08,22.860246658325195,21.269262313842773,20.22878646850586,18.59457015991211,17.466716766357422,20.0704345703125,25.39893913269043,33.38159942626953,35.44699478149414,36.61354446411133,35.447837829589844,36.174095153808594,34.9554557800293,32.97647476196289,31.679527282714844,30.440744400024414,31.685977935791016,35.78349304199219,37.79637145996094,39.008567810058594,36.144168853759766,33.232337951660156,34.904083251953125,31.36483383178711
2016-04-09,23.123207092285156,20.338871002197266,18.45391273498535,17.745248794555664,16.563495635986328,15.98534870147705,15.548620223999023,17.269277572631836,17.200664520263672,19.230867385864258,20.203350067138672,21.582223892211914,23.4540958404541,20.689069747924805,18.715559005737305,16.853286743164062,18.13761329650879,22.556488037109375,26.131196975708008,27.748781204223633,27.935142517089844,27.789979934692383,29.9560604095459,27.314722061157227
2016-04-10,21.496387481689453,18.761581420898438,17.45586585998535,16.65927505493164,15.126914978027344,14.227983474731445,7.85639762878418,4.086509704589844,7.118328094482422,11.039382934570312,13.132617950439453,13.906364440917969,15.660160064697266,12.844985961914062,9.755878448486328,9.344207763671875,10.08176040649414,13.559917449951172,21.79828643798828,24.306884765625,24.3782958984375,25.466350555419922,29.03009605407715,24.683839797973633
2016-04-11,21.695377349853516,20.077739715576172,18.13185691833496,16.62777328491211,16.823877334594727,18.66254234313965,22.415300369262695,30.018278121948242,31.334951400756836,31.659290313720703,31.76654815673828,32.52361297607422,32.285064697265625,30.24209213256836,28.499195098876953,26.852054595947266,28.453044891357422,32.18522644042969,34.99140167236328,35.84193420410156,33.39104461669922,31.605274200439453,32.217472076416016,30.109172821044922
2016-04-12,23.340030670166016,21.41482162475586,19.766075134277344,17.925628662109375,17.487777709960938,19.614368438720703,24.485061645507812,30.199613571166992,32.22257995605469,33.89724349975586,33.4859619140625,34.73419189453125,33.140167236328125,30.772232055664062,29.090232849121094,28.897106170654297,29.351858139038086,33.64325714111328,36.690006256103516,38.06965255737305,35.04437255859375,33.36600112915039,34.92131423950195,31.71776580810547
2016-04-13,23.927989959716797,21.68313217163086,20.44852638244629,18.108539581298828,17.78240203857422,19.30757713317871,22.44023895263672,27.99943733215332,29.169689178466797,30.866647720336914,29.58240509033203,31.40650177001953,31.031291961669922,28.708227157592773,26.639602661132812,26.042409896850586,27.309093475341797,31.584136962890625,33.94932556152344,35.217002868652344,33.66943359375,31.772233963012695,34.88493347167969,31.05813217163086
2016-04-14,24.31224250793457,21.866117477416992,20.450435638427734,18.999122619628906,18.662521362304688,19.662569046020508,22.257423400878906,28.355358123779297,29.994876861572266,32.26838684082031,31.789506912231445,32.846981048583984,30.527416229248047,29.68721580505371,26.940160751342773,26.206573486328125,27.457866668701172,32.132137298583984,34.256256103515625,36.46472930908203,34.15285110473633,32.25142288208008,34.356929779052734,30.78705596923828
2016-04-15,25.769195556640625,21.615543365478516,20.23306655883789,18.725006103515625,18.31114959716797,18.936979293823242,20.547039031982422,23.14570426940918,26.2488956451416,26.88910675048828,27.299985885620117,29.220882415771484,28.599454879760742,26.04302978515625,23.70011329650879,24.265810012817383,26.06663703918457,30.518169403076172,33.30326843261719,34.924076080322266,32.193206787109375,31.286705017089844,33.813385009765625,30.77599334716797
2016-04-16,22.348812103271484,17.935810089111328,16.417362213134766,15.826618194580078,14.73941707611084,14.170080184936523,12.661256790161133,13.021965026855469,12.412826538085938,17.823928833007812,18.467571258544922,19.378646850585938,20.601459503173828,17.089275360107422,13.802227020263672,14.078765869140625,15.115989685058594,18.130943298339844,21.830188751220703,27.226213455200195,25.4459285736084,26.44428062438965,28.592750549316406,24.412511825561523
2016-04-17,19.974266052246094,15.624975204467773,15.314666748046875,14.957544326782227,13.70110034942627,13.873588562011719,11.375450134277344,9.403099060058594,10.847312927246094,15.176521301269531,13.196266174316406,15.066314697265625,17.44441032409668,11.756038665771484,10.638198852539062,11.060707092285156,11.954875946044922,16.87592315673828,20.480897903442383,22.663015365600586,23.851058959960938,26.132221221923828,27.545372009277344,23.76981544494629
2016-04-18,24.469406127929688,21.93408966064453,20.497081756591797,17.88115692138672,18.218717575073242,19.760282516479492,25.369525909423828,32.3424072265625,33.5797233581543,35.05860900878906,34.923431396484375,35.54519271850586,34.42246627807617,33.209285736083984,31.20735740661621,29.833229064941406,31.044570922851562,34.5059814453125,37.335838317871094,38.42970275878906,36.05662536621094,33.9266471862793,35.80997085571289,32.443870544433594
2016-04-19,22.564273834228516,19.865440368652344,18.58838653564453,17.455974578857422,17.180309295654297,17.663021087646484,22.677242279052734,29.294889450073242,31.193456649780273,31.03404998779297,31.326955795288086,32.08073425292969,31.962787628173828,29.65123176574707,27.189472198486328,27.593990325927734,27.624927520751953,31.94336700439453,33.943267822265625,35.306396484375,33.066566467285156,30.449941635131836,33.39118194580078,29.592931747436523
2016-04-20,23.22455596923828,21.061809539794922,19.733081817626953,18.025592803955078,17.429889678955078,18.656665802001953,21.643680572509766,26.417247772216797,28.233057022094727,29.32032585144043,30.689422607421875,31.773698806762695,31.472776412963867,28.7369327545166,26.364185333251953,25.41697883605957,25.443782806396484,28.913673400878906,32.47015380859375,33.76963806152344,32.523895263671875,30.837953567504883,32.51750183105469,29.350528717041016
2016-04-21,23.270923614501953,20.998855590820312,19.0272216796875,17.95394515991211,16.415328979492188,17.99542999267578,20.005842208862305,22.610782623291016,24.792890548706055,26.512550354003906,26.196508407592773,27.07296371459961,27.078022003173828,24.75747299194336,21.802091598510742,20.64557456970215,21.86150360107422,27.185598373413086,31.1799373626709,32.218360900878906,31.19981575012207,30.74528694152832,31.6961727142334,28.174449920654297
2016-04-22,22.598331451416016,20.24610137939453,19.371715545654297,17.76827049255371,16.424877166748047,17.469161987304688,20.25499725341797,24.528684616088867,27.174728393554688,29.368703842163086,29.26923370361328,28.501283645629883,28.296499252319336,27.155927658081055,24.423046112060547,23.851247787475586,24.86182403564453,28.259883880615234,32.282291412353516,33.72203826904297,31.89457893371582,30.987464904785156,32.297828674316406,29.3446102142334
2016-04-23,22.967742919921875,20.23974609375,19.904603958129883,18.411861419677734,17.449140548706055,15.734167098999023,14.682945251464844,14.682125091552734,17.3486328125,21.0579833984375,21.44976806640625,22.96059226989746,22.562023162841797,18.705739974975586,17.797889709472656,16.299516677856445,16.895967483520508,21.712331771850586,28.44596290588379,28.598894119262695,28.104028701782227,27.916776657104492,30.69991683959961,27.301877975463867
2016-04-24,20.66817283630371,17.4659481048584,16.071443557739258,15.934648513793945,14.910831451416016,15.338044166564941,11.22369384765625,11.331222534179688,15.007469177246094,18.385143280029297,19.767574310302734,19.15428924560547,19.969038009643555,16.821529388427734,12.990785598754883,11.166906356811523,12.8436279296875,18.64557456970215,23.478601455688477,24.784496307373047,24.636890411376953,25.720375061035156,26.92327308654785,23.25975799560547
2016-04-25,21.982690811157227,19.794673919677734,18.40625762939453,17.337093353271484,16.48902130126953,17.830551147460938,22.704256057739258,29.34306526184082,31.497177124023438,32.817649841308594,32.508338928222656,32.95352554321289,32.31879806518555,30.561269760131836,29.28328514099121,28.397075653076172,28.174169540405273,32.06013870239258,34.51731872558594,36.42055892944336,33.575416564941406,30.4920711517334,33.278812408447266,28.95104217529297
2016-04-26,27.21232795715332,24.342973709106445,22.189661026000977,20.243974685668945,20.27887535095215,22.059036254882812,27.634559631347656,33.7788200378418,36.08706283569336,37.48862075805664,36.60135269165039,37.36388397216797,36.15504837036133,33.76608657836914,32.03427505493164,30.156356811523438,30.83531951904297,35.30723190307617,39.429588317871094,40.27899932861328,37.30160140991211,35.13254165649414,36.71177673339844,33.09934616088867
2016-04-27,29.2115478515625,26.159603118896484,24.232765197753906,22.225095748901367,21.941957473754883,23.319684982299805,27.823932647705078,34.20046615600586,36.84784698486328,38.591636657714844,38.52497100830078,38.707275390625,36.93804168701172,34.94459533691406,33.30562210083008,31.74587631225586,32.481178283691406,36.131744384765625,40.189857482910156,40.77711486816406,39.299198150634766,36.29969787597656,38.64399719238281,35.014827728271484
2016-04-28,30.419883728027344,27.40040397644043,25.791959762573242,23.52873420715332,23.666399002075195,25.060583114624023,29.458520889282227,34.723331451416016,37.93988800048828,39.670753479003906,39.5721435546875,39.744483947753906,38.70259094238281,35.86924743652344,33.58209991455078,32.07694625854492,32.954708099365234,37.004966735839844,40.55221939086914,42.165714263916016,40.27326202392578,37.8252067565918,39.55098342895508,35.85557174682617
2016-04-29,28.701690673828125,25.43720245361328,23.767120361328125,22.744638442993164,22.136760711669922,23.336755752563477,27.032791137695312,32.04440689086914,34.78057098388672,37.17723846435547,37.60390853881836,37.386558532714844,36.180572509765625,33.96235275268555,31.7637882232666,30.141210556030273,30.943710327148438,35.364131927490234,38.939727783203125,39.75312042236328,38.494869232177734,36.225643157958984,38.53987121582031,34.973724365234375
2016-04-30,27.353038787841797,24.390705108642578,22.107009887695312,21.346052169799805,20.44632339477539,20.680124282836914,20.77236557006836,21.740148544311523,24.229875564575195,26.769466400146484,26.724966049194336,28.67561912536621,28.335105895996094,24.80277442932129,21.807270050048828,20.186086654663086,22.97274398803711,27.165342330932617,30.845985412597656,33.669593811035156,32.61894226074219,32.82075500488281,35.314361572265625,31.244029998779297
2016-05-01,21.56014633178711,19.354175567626953,16.671066284179688,15.973555564880371,14.643754005432129,14.311531066894531,12.660039901733398,9.845195770263672,14.479904174804688,16.341941833496094,17.579357147216797,16.73990249633789,17.652851104736328,15.437402725219727,11.945171356201172,12.526033401489258,12.137847900390625,15.010704040527344,19.666887283325195,24.392242431640625,27.615062713623047,27.01979637145996,29.18364906311035,25.31446075439453
2016-05-02,24.03271484375,22.105026245117188,20.263763427734375,18.65627098083496,18.363685607910156,20.305023193359375,26.267526626586914,33.61720657348633,36.27185821533203,36.36643981933594,35.88645935058594,36.02251434326172,34.946075439453125,33.21400833129883,31.311111450195312,31.099214553833008,31.292587280273438,35.19649124145508,36.901432037353516,37.77399826049805,35.50453567504883,34.26393127441406,35.606170654296875,32.219242095947266
2016-05-03,27.968059539794922,25.180194854736328,23.70852279663086,21.5656795501709,21.248708724975586,23.735300064086914,28.870258331298828,34.33917236328125,37.11725616455078,38.67598342895508,38.89009094238281,38.8135986328125,37.854801177978516,36.1475830078125,34.29552459716797,32.96141052246094,33.344482421875,37.213050842285156,40.19037628173828,40.644588470458984,38.76899337768555,36.104248046875,38.143463134765625,34.983394622802734
2016-05-04,29.35720443725586,26.536998748779297,24.858978271484375,23.014102935791016,22.559452056884766,23.99677848815918,27.8072509765625,32.810367584228516,35.385433197021484,37.14558029174805,37.20259475708008,37.84226989746094,36.78642654418945,34.990928649902344,32.347232818603516,30.95613670349121,31.16965675354004,35.47191619873047,39.33635711669922,40.402793884277344,39.02481460571289,37.31026077270508,38.782100677490234,35.937198638916016
2016-05-05,24.03921127319336,20.652982711791992,19.105876922607422,18.068744659423828,17.128620147705078,17.371810913085938,18.69192123413086,22.17835807800293,23.691015243530273,26.189739227294922,26.36001205444336,27.405921936035156,27.74181365966797,24.154861450195312,20.640531539916992,21.120256423950195,22.085975646972656,25.660730361938477,28.579713821411133,30.715505599975586,29.843076705932617,29.225679397583008,31.54727554321289,28.417617797851562
2016-05-06,21.78311538696289,19.001384735107422,17.516681671142578,16.502395629882812,15.979480743408203,15.508953094482422,17.61983299255371,21.81204605102539,24.744007110595703,24.729589462280273,24.280670166015625,26.871906280517578,26.788042068481445,23.690170288085938,20.984073638916016,19.734603881835938,21.18459701538086,24.459365844726562,27.8275203704834,30.905324935913086,30.182218551635742,29.138317108154297,31.11622428894043,27.683979034423828
2016-05-07,23.697315216064453,20.399002075195312,19.138269424438477,18.487037658691406,16.90290069580078,16.499889373779297,11.980207443237305,9.921211242675781,13.800716400146484,17.557029724121094,15.952659606933594,17.270217895507812,17.68366813659668,16.025390625,12.212818145751953,11.112518310546875,11.729785919189453,14.83510971069336,23.19808578491211,27.671894073486328,27.289958953857422,27.124435424804688,27.920053482055664,25.650278091430664
2016-05-08,14.644245147705078,12.348920822143555,11.337167739868164,12.500558853149414,10.042133331298828,9.273050308227539,5.951433181762695,2.6315040588378906,4.727474212646484,7.376003265380859,8.689228057861328,12.140064239501953,12.278316497802734,11.827430725097656,6.893848419189453,4.589862823486328,3.515605926513672,7.586830139160156,8.876121520996094,20.58448028564453,19.614002227783203,24.00863265991211,23.677059173583984,19.818605422973633
2016-05-09,19.679954528808594,17.624107360839844,14.56570816040039,13.122539520263672,13.439184188842773,15.605814933776855,21.531343460083008,29.29343605041504,30.14625358581543,30.12636947631836,30.501293182373047,30.69611167907715,30.284767150878906,27.880441665649414,27.42276382446289,26.678333282470703,27.177154541015625,29.086706161499023,32.33399963378906,33.648109436035156,29.97901725769043,27.704566955566406,30.30828857421875,27.145374298095703
2016-05-10,22.20119857788086,20.495494842529297,19.074298858642578,17.184101104736328,16.79102325439453,19.04007339477539,24.037906646728516,30.256980895996094,33.30656433105469,33.9676399230957,32.67899703979492,33.30640411376953,31.948781967163086,30.815113067626953,29.203994750976562,27.932579040527344,29.304096221923828,32.81159973144531,35.800575256347656,37.37750244140625,34.46294021606445,32.50431823730469,34.10377502441406,31.0614013671875
2016-05-11,24.66461944580078,22.96090316772461,20.920026779174805,19.159568786621094,18.297822952270508,19.98496437072754,24.006568908691406,30.503856658935547,32.9736328125,33.88496017456055,33.20820617675781,34.20867156982422,33.182640075683594,31.527021408081055,29.393844604492188,28.579204559326172,29.05206298828125,33.76654815673828,37.516361236572266,38.12198257446289,35.48057174682617,32.72630310058594,34.55349349975586,30.456363677978516
2016-05-12,22.86883544921875,20.386165618896484,19.174739837646484,17.68032455444336,17.318439483642578,18.545642852783203,21.237716674804688,25.206390380859375,27.560762405395508,29.023473739624023,29.599201202392578,30.110048294067383,29.242584228515625,27.78466033935547,24.905017852783203,24.01712417602539,25.36239242553711,28.106775283813477,29.768213272094727,31.68585968017578,31.39069366455078,30.964122772216797,33.51350402832031,30.132274627685547
2016-05-13,23.50446319580078,20.674728393554688,19.564983367919922,17.961956024169922,17.28578758239746,18.61394500732422,21.380786895751953,24.861852645874023,26.150310516357422,28.668325424194336,29.234195709228516,29.860780715942383,30.031658172607422,26.4490909576416,24.38862419128418,23.873926162719727,24.64076042175293,27.759889602661133,30.95693016052246,33.46611785888672,32.574928283691406,31.42254638671875,33.065711975097656,29.752071380615234
2016-05-14,18.822107315063477,17.02444076538086,16.703563690185547,15.915732383728027,15.122357368469238,13.147947311401367,13.563701629638672,13.45877456665039,13.866157531738281,16.221145629882812,17.933685302734375,17.641494750976562,19.372127532958984,18.517515182495117,14.814706802368164,14.562410354614258,15.724115371704102,18.253231048583984,21.201637268066406,26.77124786376953,26.108360290527344,25.069849014282227,26.8227481842041,23.83462142944336
2016-05-15,16.715919494628906,14.083919525146484,12.125188827514648,10.959440231323242,9.329366683959961,7.429780960083008,5.481775283813477,5.708507537841797,6.700061798095703,7.102470397949219,8.127494812011719,9.411231994628906,9.536380767822266,9.141216278076172,4.9859466552734375,5.974853515625,4.262260437011719,5.767631530761719,13.612556457519531,16.666248321533203,17.744953155517578,22.127635955810547,24.16087532043457,18.62431526184082
2016-05-16,19.916662216186523,15.756877899169922,14.795581817626953,13.873990058898926,14.151954650878906,15.896087646484375,21.1268253326416,27.892274856567383,29.732650756835938,29.448713302612305,29.059734344482422,29.58179473876953,29.025402069091797,28.009458541870117,25.43814468383789,25.788095474243164,26.049789428710938,27.863096237182617,30.853103637695312,32.844993591308594,30.590553283691406,28.6750431060791,29.877155303955078,26.012435913085938
2016-05-17,26.68844985961914,23.754701614379883,22.225177764892578,20.41231918334961,20.250978469848633,22.17980194091797,28.007312774658203,34.342803955078125,36.36506271362305,38.14257049560547,37.80003356933594,38.351409912109375,37.30228042602539,35.12295913696289,33.20867156982422,32.234466552734375,32.501834869384766,36.58652114868164,39.90018081665039,41.16001892089844,37.96275329589844,34.96522521972656,37.11261749267578,34.21304702758789
2016-05-18,27.543567657470703,24.694541931152344,23.45165252685547,21.695789337158203,21.613157272338867,23.300601959228516,27.988780975341797,34.28642272949219,36.35169982910156,37.742698669433594,37.55341339111328,38.00419998168945,37.13526153564453,35.72427749633789,33.77407455444336,31.714675903320312,32.330753326416016,36.238914489746094,40.337589263916016,41.63782501220703,38.95818328857422,36.35900115966797,37.30126953125,34.255157470703125
2016-05-19,28.312179565429688,25.880481719970703,24.050325393676758,22.374156951904297,21.779556274414062,23.493663787841797,28.000404357910156,34.0313606262207,36.44581985473633,38.110599517822266,37.97061538696289,38.238346099853516,37.11721420288086,35.22902297973633,33.49085998535156,31.809593200683594,32.09429931640625,36.15790557861328,39.599693298339844,40.82178497314453,38.371482849121094,36.075050354003906,37.703739166259766,34.02252960205078
2016-05-20,26.368562698364258,23.780269622802734,22.667634963989258,20.883766174316406,19.82973289489746,21.3251953125,24.444774627685547,28.756818771362305,31.267080307006836,32.440120697021484,33.26969909667969,34.109901428222656,33.0667724609375,31.403472900390625,28.16838264465332,27.427995681762695,28.270709991455078,31.318679809570312,34.833984375,37.6921501159668,36.027984619140625,33.75802993774414,35.623626708984375,32.288673400878906
2016-05-21,22.388309478759766,19.291959762573242,18.25922203063965,16.541460037231445,15.263442039489746,16.726451873779297,16.60478973388672,16.405420303344727,18.398569107055664,20.643587112426758,22.096118927001953,23.32613182067871,23.381240844726562,19.2430362701416,18.495044708251953,17.111949920654297,16.916851043701172,18.885061264038086,24.071664810180664,27.24102210998535,26.88523292541504,29.073503494262695,30.084980010986328,26.572528839111328
2016-05-22,19.26267433166504,16.51474380493164,15.266481399536133,15.317208290100098,14.608087539672852,13.613895416259766,9.158742904663086,8.312355041503906,9.086963653564453,10.899272918701172,14.305397033691406,13.594730377197266,15.697250366210938,11.752372741699219,6.772884368896484,6.805450439453125,6.627346038818359,11.448020935058594,17.975513458251953,21.31454849243164,21.91044807434082,25.281808853149414,25.550914764404297,22.164684295654297
2016-05-23,22.900264739990234,20.887115478515625,19.53605079650879,17.752246856689453,17.60070037841797,20.358367919921875,26.473512649536133,34.18631362915039,35.847442626953125,36.629730224609375,35.482303619384766,36.35212326049805,34.253204345703125,33.314208984375,31.517749786376953,30.5003604888916,31.45670509338379,34.164695739746094,38.20566940307617,37.84279251098633,36.09160614013672,33.44554901123047,33.92448043823242,31.15097427368164
2016-05-24,27.199932098388672,24.555133819580078,23.047386169433594,21.500736236572266,20.994266510009766,22.80618667602539,27.815013885498047,34.51605224609375,36.93123245239258,38.15108108520508,37.82191467285156,38.07476043701172,37.05531692504883,34.88274002075195,33.26652145385742,31.565349578857422,32.3341064453125,36.51933288574219,39.02886962890625,40.24150085449219,38.05351257324219,35.69886779785156,36.5505485534668,33.410911560058594
2016-05-25,26.306228637695312,23.53898811340332,22.508712768554688,20.446523666381836,20.53960418701172,22.231563568115234,27.20334243774414,34.05382537841797,36.17555236816406,37.76007843017578,36.99855041503906,37.57256317138672,35.789424896240234,34.373775482177734,32.24293518066406,30.66946792602539,31.04401969909668,34.926963806152344,37.84708023071289,39.02481460571289,36.8520622253418,34.40557098388672,35.98274230957031,33.38163757324219
2016-05-26,28.758811950683594,25.789716720581055,24.286376953125,22.274696350097656,21.856483459472656,23.467111587524414,29.110519409179688,35.39052200317383,38.13079833984375,39.53453063964844,39.1717414855957,39.51280975341797,37.55281448364258,35.78131866455078,33.73347854614258,32.58391189575195,33.06869888305664,36.59033966064453,40.035247802734375,41.36681365966797,39.53590774536133,36.068565368652344,38.18363952636719,34.8182258605957
2016-05-27,27.30394744873047,24.048118591308594,22.278549194335938,21.12747573852539,20.047088623046875,21.530969619750977,24.827678680419922,31.335132598876953,33.47996139526367,35.18846130371094,35.10200500488281,35.363224029541016,34.63777542114258,31.92603874206543,30.016441345214844,28.20650863647461,29.52295684814453,32.32212448120117,35.78604507446289,37.99782180786133,35.31426239013672,34.12532043457031,35.771270751953125,32.859100341796875
2016-05-28,25.568485260009766,23.49465560913086,21.487117767333984,20.6414852142334,19.988630294799805,19.589502334594727,21.003162384033203,23.088998794555664,25.71858787536621,27.826871871948242,28.0263671875,29.04247283935547,27.69040298461914,25.934722900390625,23.407634735107422,22.19801902770996,23.490339279174805,26.966453552246094,31.88074493408203,33.266151428222656,32.42266082763672,31.71405029296875,33.676902770996094,30.553081512451172
2016-05-29,21.359600067138672,18.85879898071289,17.246055603027344,17.191349029541016,16.084793090820312,15.358120918273926,14.033893585205078,14.83131217956543,16.977725982666016,19.789644241333008,21.444072723388672,21.4692325592041,21.84195327758789,21.087364196777344,16.422523498535156,16.208572387695312,17.22526741027832,21.235584259033203,24.646440505981445,28.277099609375,28.187301635742188,27.14150047302246,29.19671630859375,25.315961837768555
2016-05-30,20.537729263305664,18.167627334594727,17.270641326904297,14.72540283203125,14.8609037399292,17.090524673461914,23.26498794555664,31.494178771972656,33.073734283447266,33.60065460205078,32.47233963012695,33.624244689941406,32.60313415527344,31.128528594970703,28.697490692138672,27.398609161376953,28.047882080078125,31.680030822753906,34.74989700317383,35.34811019897461,32.22224426269531,29.752933502197266,31.416057586669922,28.827983856201172
2016-05-31,20.935277938842773,19.26199722290039,17.85146713256836,17.15190887451172,16.729732513427734,18.65209197998047,23.70686912536621,30.323719024658203,33.094696044921875,34.021644592285156,33.28322219848633,33.955013275146484,32.86971664428711,31.09735870361328,29.014171600341797,27.996829986572266,28.21407699584961,31.51142120361328,33.8751220703125,35.50675964355469,33.34901428222656,30.920612335205078,32.02599334716797,28.953231811523438
2016-06-01,23.677692413330078,21.21725845336914,19.418930053710938,17.995452880859375,18.032691955566406,20.379009246826172,26.673782348632812,33.25953674316406,36.42493438720703,36.79208755493164,36.3553466796875,36.45390319824219,34.66852569580078,33.32048797607422,32.21396255493164,30.870765686035156,31.588600158691406,34.385440826416016,36.96919631958008,37.64119338989258,34.911991119384766,32.654476165771484,33.7657470703125,31.063268661499023
2016-06-02,24.847110748291016,22.82754135131836,21.263216018676758,19.687137603759766,19.657840728759766,21.215999603271484,26.231103897094727,32.51731872558594,34.14990997314453,35.53733825683594,34.827640533447266,35.84669494628906,34.72100067138672,33.108638763427734,30.811786651611328,29.643505096435547,30.59186553955078,34.123355865478516,37.033050537109375,38.25484848022461,35.30537414550781,32.88275146484375,35.18378448486328,31.778430938720703
2016-06-03,22.37209701538086,20.31033706665039,18.981107711791992,17.888439178466797,17.375194549560547,18.20754623413086,23.299701690673828,28.83296012878418,31.05574607849121,31.543460845947266,31.43667221069336,31.127059936523438,30.09089469909668,29.078025817871094,26.940767288208008,26.013080596923828,27.153827667236328,30.635906219482422,33.14625549316406,34.50714111328125,33.507205963134766,30.635072708129883,32.69511032104492,29.068675994873047
2016-06-04,21.928606033325195,19.391788482666016,17.961593627929688,16.818260192871094,16.403141021728516,16.823604583740234,19.55150604248047,21.50885009765625,24.040082931518555,25.16309356689453,25.724658966064453,25.31455421447754,24.293216705322266,23.06981658935547,20.698457717895508,18.943803787231445,20.387531280517578,23.405052185058594,28.179956436157227,30.306293487548828,29.563478469848633,29.225032806396484,30.22700309753418,26.62578582763672
2016-06-05,20.978843688964844,17.644577026367188,15.668478012084961,14.54867172241211,14.452851295471191,14.099653244018555,12.3282470703125,10.3170166015625,12.387069702148438,15.387187957763672,16.762027740478516,17.133289337158203,16.348011016845703,12.976810455322266,11.444297790527344,10.64395523071289,11.241998672485352,15.669988632202148,20.652786254882812,23.416656494140625,22.92737579345703,23.886348724365234,27.561052322387695,22.73519515991211
2016-06-06,26.085920333862305,23.90517807006836,22.154163360595703,20.247051239013672,20.296031951904297,22.375303268432617,28.391738891601562,35.50151062011719,38.12820053100586,38.35801696777344,38.26972198486328,38.14582443237305,36.805015563964844,35.36157989501953,33.23158645629883,31.836048126220703,32.51570129394531,35.73646926879883,38.52531051635742,40.275535583496094,37.447784423828125,35.13198471069336,36.62541580200195,32.81237030029297
2016-06-07,26.761554718017578,24.182064056396484,22.384584426879883,20.629138946533203,20.656330108642578,22.753189086914062,29.090972900390625,37.054046630859375,39.08293151855469,39.57376480102539,38.89703369140625,39.24163818359375,37.71923828125,36.02925109863281,34.2992057800293,32.9326057434082,33.64576721191406,37.518802642822266,40.41339874267578,40.92584228515625,38.10292053222656,35.272586822509766,36.95274353027344,33.83829116821289
2016-06-08,27.08797836303711,24.741365432739258,22.899044036865234,21.160446166992188,20.882129669189453,22.963788986206055,28.75935173034668,35.420406341552734,37.85781478881836,38.72063446044922,38.18400192260742,38.87142562866211,37.71455764770508,35.36860275268555,33.51405334472656,31.928638458251953,32.71224594116211,36.27526092529297,39.797027587890625,40.82173156738281,38.34246826171875,35.935516357421875,37.386817932128906,34.46118927001953
2016-06-09,25.226093292236328,22.573781967163086,21.092750549316406,19.370285034179688,19.264286041259766,20.747882843017578,25.167530059814453,30.95944595336914,33.27056121826172,34.376708984375,34.33209991455078,34.149810791015625,33.29987335205078,32.04050827026367,29.24061393737793,28.1038818359375,29.017107009887695,32.122249603271484,35.37516784667969,36.085350036621094,34.55491638183594,33.179901123046875,34.946876525878906,31.457637786865234
2016-06-10,25.757648468017578,23.493839263916016,21.318023681640625,19.814796447753906,19.471939086914062,21.10590362548828,25.91989517211914,32.107879638671875,33.810462951660156,34.953792572021484,34.65330123901367,34.846832275390625,33.8271484375,31.881816864013672,29.81231117248535,28.652687072753906,29.345333099365234,32.320228576660156,36.37482452392578,37.035247802734375,35.85150909423828,33.74135208129883,35.012603759765625,31.568603515625
2016-06-11,24.789892196655273,21.34718132019043,20.017627716064453,19.187997817993164,18.146310806274414,17.497299194335938,19.020530700683594,23.141199111938477,25.134967803955078,26.75577735900879,26.97568130493164,26.893590927124023,27.307159423828125,24.11452293395996,21.464685440063477,20.142200469970703,21.469022750854492,23.49213409423828,29.500497817993164,31.64572525024414,31.658206939697266,30.608779907226562,32.17225646972656,29.456253051757812
2016-06-12,21.80356788635254,18.805212020874023,17.20724868774414,16.636852264404297,15.812326431274414,15.380188941955566,14.167808532714844,14.395177841186523,18.20477867126465,19.482942581176758,18.900564193725586,21.640390396118164,19.308887481689453,15.598506927490234,14.019903182983398,12.275514602661133,13.45930290222168,13.673301696777344,22.44193458557129,24.63963508605957,27.47986602783203,26.528608322143555,28.25921630859375,24.559234619140625
2016-06-13,28.670211791992188,26.103727340698242,24.21090316772461,22.44170570373535,22.19239044189453,24.672531127929688,30.868900299072266,38.53066635131836,40.67156219482422,42.11223220825195,41.24620056152344,41.13646697998047,39.95716094970703,37.75702667236328,36.378257751464844,34.68698501586914,35.440284729003906,39.4700813293457,42.33921432495117,42.815128326416016,40.43537139892578,37.344791412353516,39.057647705078125,36.02663803100586
2016-06-14,32.281494140625,29.313232421875,27.478466033935547,25.700069427490234,25.24338150024414,27.510774612426758,34.17979431152344,42.583534240722656,45.20013427734375,46.467647552490234,45.81230545043945,46.09615707397461,43.948150634765625,41.941925048828125,40.25536346435547,38.59562301635742,38.962894439697266,43.33018112182617,46.43243408203125,46.910457611083984,44.187374114990234,40.94799041748047,42.382591247558594,39.350074768066406
2016-06-15,27.8568058013916,25.017602920532227,23.523571014404297,21.807111740112305,21.071491241455078,22.656829833984375,27.2574405670166,33.30847930908203,35.976295471191406,38.17391586303711,37.681884765625,38.40982437133789,36.57759475708008,34.593894958496094,32.983001708984375,31.20064353942871,31.699472427368164,35.23394775390625,38.388389587402344,39.98720932006836,38.077396392822266,35.9871826171875,37.09480285644531,34.53937911987305
2016-06-16,30.571107864379883,27.707569122314453,26.201828002929688,24.27127456665039,23.926055908203125,25.93744659423828,31.7243709564209,38.777099609375,41.54707717895508,42.546348571777344,42.308223724365234,42.72808074951172,41.0139274597168,39.09973907470703,37.48054504394531,35.765281677246094,36.51237106323242,40.49713134765625,43.447200775146484,44.21274185180664,41.700103759765625,38.912872314453125,40.4510383605957,37.55971908569336
2016-06-17,29.954063415527344,26.978313446044922,25.364803314208984,23.622072219848633,23.154216766357422,24.981618881225586,29.052921295166016,35.2515983581543,38.244598388671875,40.203086853027344,39.72427749633789,40.461639404296875,38.74225616455078,36.620567321777344,34.3619270324707,33.25429153442383,33.55741500854492,37.71748733520508,40.715850830078125,41.83549880981445,39.862735748291016,37.467811584472656,39.009254455566406,35.85113525390625
2016-06-18,25.702281951904297,22.5084228515625,21.161579132080078,19.569263458251953,18.857540130615234,19.512441635131836,21.395580291748047,24.289531707763672,27.40668487548828,29.110776901245117,29.915971755981445,30.19032096862793,28.212644577026367,26.48782730102539,24.015108108520508,22.437294006347656,23.417268753051758,27.375673294067383,30.19805335998535,33.67543411254883,32.24875259399414,31.565786361694336,32.86735153198242,29.781585693359375
2016-06-19,19.842479705810547,17.24272918701172,15.542691230773926,15.110877990722656,14.845285415649414,15.152548789978027,15.62419319152832,16.728836059570312,18.298723220825195,18.981857299804688,19.301654815673828,20.33823585510254,20.20872688293457,17.128854751586914,15.159669876098633,14.12912368774414,14.38458251953125,16.97667694091797,21.309045791625977,26.586238861083984,25.956666946411133,24.93741798400879,25.18815803527832,24.330291748046875
2016-06-20,24.23564910888672,22.327003479003906,20.94078826904297,19.050979614257812,19.627552032470703,22.147218704223633,29.459169387817383,37.94943618774414,40.13259506225586,40.91652297973633,39.467594146728516,39.63356399536133,37.812992095947266,36.58988952636719,35.29597854614258,33.46403503417969,34.034141540527344,38.1934814453125,40.427337646484375,41.678199768066406,38.040931701660156,34.38002395629883,36.29325485229492,33.47057342529297
2016-06-21,29.520055770874023,26.83633041381836,25.229135513305664,23.35356330871582,23.054588317871094,25.358707427978516,31.097002029418945,38.56210708618164,41.49831771850586,42.86656188964844,42.16682052612305,42.45742416381836,40.69123840332031,38.98040771484375,37.02735900878906,35.441375732421875,36.1298942565918,40.01054763793945,42.854957580566406,43.75373077392578,41.10697937011719,38.23920822143555,39.51927947998047,36.62192916870117
2016-06-22,28.783206939697266,26.359336853027344,24.83807945251465,22.89290428161621,22.618093490600586,24.704450607299805,31.708221435546875,39.77122116088867,42.44572067260742,43.69971466064453,43.11244583129883,43.16827392578125,41.52468490600586,39.891883850097656,38.169769287109375,36.57416534423828,37.11460876464844,41.18495559692383,43.67110824584961,44.149391174316406,41.57551574707031,38.285057067871094,39.636558532714844,36.79244613647461
2016-06-23,31.025663375854492,28.18395233154297,26.572050094604492,24.560638427734375,24.105112075805664,26.064598083496094,31.798828125,39.46116638183594,41.933189392089844,43.499752044677734,43.37044906616211,43.38933563232422,41.599342346191406,39.606117248535156,37.9476203918457,36.404109954833984,36.818336486816406,41.11310958862305,43.83327865600586,44.581886291503906,42.124778747558594,39.169776916503906,40.735389709472656,37.68718719482422
2016-06-24,30.922473907470703,28.16598129272461,26.411983489990234,24.299575805664062,23.99236297607422,25.971309661865234,31.058130264282227,38.20567321777344,40.58873748779297,42.4400749206543,42.16595458984375,42.52396011352539,40.773475646972656,38.806968688964844,36.85627365112305,35.38606643676758,35.904869079589844,40.135738372802734,43.389549255371094,44.11113739013672,41.73600769042969,39.084938049316406,40.687232971191406,37.4924201965332
2016-06-25,28.645784378051758,25.509380340576172,23.883346557617188,22.539684295654297,21.731706619262695,22.2216796875,24.457435607910156,27.512699127197266,29.42548370361328,32.022705078125,32.69687271118164,33.3197021484375,32.985694885253906,30.007659912109375,28.083003997802734,27.102693557739258,27.29860496520996,31.15276527404785,34.10517120361328,36.708431243896484,36.11601638793945,34.70954895019531,36.2969970703125,32.84375762939453
2016-06-26,23.450435638427734,21.72320556640625,19.20502471923828,17.717317581176758,17.4143123626709,16.657455444335938,15.484973907470703,15.312871932983398,17.229700088500977,17.893165588378906,21.568187713623047,22.500993728637695,23.457735061645508,21.107023239135742,17.55817413330078,16.84822654724121,17.98909568786621,20.844682693481445,25.396984100341797,27.56696128845215,28.24217414855957,29.147220611572266,30.398130416870117,26.855031967163086
2016-06-27,22.949283599853516,20.536964416503906,19.922687530517578,17.783912658691406,17.715476989746094,19.726293563842773,25.155956268310547,32.336875915527344,34.94837951660156,35.79186248779297,34.43882751464844,34.952781677246094,34.13170623779297,33.04185485839844,31.04737091064453,29.929981231689453,30.27932357788086,34.16836929321289,36.25987243652344,37.293399810791016,34.999900817871094,32.62991714477539,33.4334716796875,31.00995635986328
2016-06-28,28.465049743652344,26.050640106201172,24.334909439086914,22.497982025146484,22.46099853515625,24.541547775268555,30.600284576416016,37.937164306640625,40.43297576904297,41.703460693359375,41.19218444824219,41.361305236816406,39.765472412109375,38.23816680908203,36.6720085144043,35.056819915771484,35.548973083496094,39.37822723388672,42.21083450317383,42.74591064453125,40.42505645751953,37.4631462097168,38.552799224853516,36.00712966918945
2016-06-29,27.823020935058594,25.015161514282227,23.186399459838867,21.233638763427734,20.707456588745117,23.051843643188477,28.809783935546875,36.052154541015625,38.88249969482422,39.9083251953125,39.85921859741211,39.84311294555664,38.37671661376953,36.591468811035156,35.0852165222168,33.37969207763672,34.15867614746094,38.00811004638672,41.365081787109375,41.09125518798828,39.07971954345703,36.508033752441406,37.69044876098633,34.82448196411133
2016-06-30,27.126380920410156,24.806262969970703,22.977859497070312,21.313400268554688,21.06249237060547,23.143680572509766,28.822635650634766,36.014122009277344,38.3875617980957,39.40168762207031,39.09125518798828,39.496700286865234,38.080039978027344,36.28968811035156,34.63664245605469,33.41189193725586,33.84159469604492,37.689208984375,40.27888870239258,41.1491584777832,38.87249755859375,35.70409393310547,37.30583953857422,34.494163513183594
2016-07-01,26.54792022705078,23.668392181396484,22.417713165283203,20.772449493408203,20.205055236816406,22.313337326049805,27.077486038208008,33.246009826660156,35.97447967529297,37.337223052978516,36.67150115966797,37.14191818237305,36.0323600769043,34.567161560058594,32.745826721191406,31.482816696166992,31.862136840820312,35.45707321166992,38.08381652832031,39.28191375732422,37.28385543823242,34.1446533203125,35.960201263427734,32.96094512939453
2016-07-02,24.101816177368164,21.38756561279297,20.152185440063477,18.641746520996094,17.96673583984375,18.353317260742188,21.248294830322266,22.922060012817383,25.396656036376953,27.309526443481445,28.32300567626953,28.463680267333984,27.9459285736084,26.3631534576416,23.240934371948242,22.210853576660156,22.191333770751953,25.29619598388672,28.621702194213867,32.38993835449219,32.44898223876953,30.131107330322266,32.65149688720703,29.277774810791016
2016-07-03,21.7010498046875,19.261266708374023,18.033966064453125,17.054553985595703,15.931940078735352,15.441001892089844,15.079111099243164,13.175622940063477,15.054952621459961,18.367652893066406,19.031452178955078,20.627408981323242,20.287967681884766,16.914566040039062,13.685506820678711,13.181331634521484,13.514350891113281,16.262723922729492,20.364845275878906,27.074649810791016,26.546661376953125,26.4328556060791,26.882204055786133,24.719989776611328
2016-07-04,23.108789443969727,21.313919067382812,19.992456436157227,18.380340576171875,18.524070739746094,20.899036407470703,27.571590423583984,36.05631637573242,38.14521026611328,38.3171272277832,37.71489334106445,38.37971115112305,36.84383773803711,35.71989440917969,34.28053665161133,32.78181457519531,33.449058532714844,36.94685363769531,38.946693420410156,39.62059783935547,35.66680145263672,33.002079010009766,35.04499053955078,31.635997772216797
2016-07-05,29.964183807373047,26.823442459106445,25.220155715942383,23.56461524963379,23.187435150146484,25.25520133972168,30.95813751220703,38.40118408203125,41.10029983520508,42.53597640991211,42.269081115722656,42.389312744140625,40.64649200439453,38.782588958740234,37.112056732177734,35.39997863769531,35.96251678466797,40.082374572753906,42.68128967285156,43.644012451171875,40.924930572509766,38.105472564697266,39.67919158935547,36.74314880371094
2016-07-06,28.492557525634766,25.31233024597168,23.98279571533203,22.420654296875,21.98031997680664,23.67193603515625,28.947101593017578,35.41661834716797,38.048301696777344,39.49730682373047,39.41857147216797,39.54190444946289,38.097381591796875,36.23716354370117,34.323001861572266,32.89984893798828,33.66934585571289,37.08222579956055,40.60077667236328,41.26512145996094,39.03650665283203,36.57199478149414,38.412784576416016,35.223052978515625
2016-07-07,24.774215698242188,22.568002700805664,21.01156234741211,18.90256118774414,18.93067169189453,20.643339157104492,25.698474884033203,31.678882598876953,34.598270416259766,35.54314422607422,35.23769760131836,35.43022155761719,34.85872268676758,33.08738708496094,31.060562133789062,29.693946838378906,30.07829475402832,33.33666229248047,36.620365142822266,37.848960876464844,35.58048629760742,33.1467399597168,35.48890686035156,32.4433479309082
2016-07-08,26.44931983947754,23.99431610107422,22.674537658691406,21.069278717041016,20.686908721923828,22.227699279785156,26.821208953857422,32.26253128051758,34.97563934326172,36.341705322265625,35.727821350097656,37.03086853027344,35.40529251098633,33.53843307495117,31.39108657836914,30.27655029296875,30.636493682861328,34.133155822753906,37.045814514160156,38.55945587158203,36.3289680480957,34.681488037109375,36.27879333496094,33.450843811035156
2016-07-09,26.070323944091797,22.593971252441406,20.944690704345703,19.938831329345703,18.59212875366211,19.37417984008789,19.841415405273438,22.419939041137695,25.42527198791504,27.36062240600586,27.941452026367188,28.474340438842773,27.983549118041992,25.682559967041016,23.0982608795166,21.511484146118164,23.448307037353516,25.14913558959961,29.50160026550293,32.266822814941406,31.79215431213379,31.370092391967773,33.68002700805664,29.323741912841797
2016-07-10,21.62580680847168,19.059261322021484,17.427589416503906,16.50102996826172,15.889324188232422,15.859186172485352,17.410499572753906,18.274944305419922,21.153202056884766,21.24675750732422,21.541269302368164,21.488780975341797,22.999250411987305,20.915096282958984,18.37961196899414,17.446449279785156,16.995939254760742,19.634572982788086,23.841394424438477,27.321901321411133,27.819631576538086,28.272640228271484,29.547183990478516,26.99729347229004
2016-07-11,27.027057647705078,24.58506965637207,23.117033004760742,20.961896896362305,20.887557983398438,22.827178955078125,29.334274291992188,37.06478500366211,39.72540283203125,40.28703689575195,39.64002990722656,39.95695877075195,38.602821350097656,36.62155532836914,35.273162841796875,33.641929626464844,33.87641525268555,37.60068130493164,40.89665222167969,41.558746337890625,38.6920166015625,35.928619384765625,37.30877685546875,34.247528076171875
2016-07-12,26.682010650634766,24.24163055419922,22.718399047851562,20.758596420288086,20.294723510742188,22.64365577697754,27.955848693847656,34.6611328125,37.32145690917969,37.954654693603516,37.42365646362305,38.20791244506836,36.832767486572266,35.04640579223633,33.26905059814453,31.892372131347656,32.36602783203125,35.46525192260742,38.92653274536133,40.58619689941406,37.17936325073242,34.703392028808594,36.44662857055664,33.92530822753906
2016-07-13,30.114065170288086,27.2130126953125,25.626537322998047,24.020843505859375,23.272682189941406,24.971725463867188,30.00072479248047,36.74937057495117,39.51886749267578,40.709083557128906,40.533634185791016,41.24381637573242,39.45265579223633,37.983238220214844,36.09083557128906,34.46044158935547,34.805442810058594,38.47408676147461,41.497802734375,42.817352294921875,40.29262161254883,37.805965423583984,39.489078521728516,36.71477127075195
2016-07-14,28.97600746154785,26.391742706298828,24.801864624023438,23.173063278198242,22.735422134399414,24.113727569580078,28.71748161315918,35.38063430786133,37.936622619628906,39.40585708618164,38.81669616699219,39.524742126464844,38.18098449707031,36.02920913696289,33.999420166015625,32.18311309814453,32.784542083740234,36.25090789794922,39.92634963989258,41.37755584716797,38.734954833984375,36.4470100402832,38.268192291259766,35.41264343261719
2016-07-15,27.31104850769043,24.160839080810547,22.431209564208984,20.956539154052734,20.577312469482422,21.222583770751953,24.237815856933594,28.893020629882812,31.806716918945312,33.79716491699219,33.5273551940918,34.072174072265625,33.207725524902344,31.018646240234375,28.583011627197266,27.898767471313477,27.85476303100586,31.125747680664062,34.05426025390625,36.51001739501953,35.24260711669922,34.02993392944336,35.26441955566406,32.868534088134766
2016-07-16,24.899417877197266,22.555561065673828,21.181976318359375,20.2620906829834,19.61605453491211,19.96830940246582,22.020572662353516,24.1405086517334,27.115262985229492,30.263837814331055,30.049219131469727,31.163135528564453,30.939064025878906,28.703092575073242,26.281009674072266,24.89274024963379,24.575313568115234,27.768117904663086,31.36908531188965,33.7979736328125,32.45845031738281,32.084415435791016,32.537017822265625,30.18990135192871
2016-07-17,24.898351669311523,21.65481948852539,20.0604248046875,19.09197235107422,18.760944366455078,19.633941650390625,20.146438598632812,21.96989631652832,24.921092987060547,26.78769874572754,27.64350128173828,28.071252822875977,28.14900779724121,25.386781692504883,22.09514808654785,21.136978149414062,21.44325828552246,24.601367950439453,28.37165641784668,31.672544479370117,30.6290283203125,30.133298873901367,31.81308937072754,29.689205169677734
2016-07-18,29.033138275146484,26.3344669342041,24.819021224975586,22.831649780273438,22.76793670654297,24.375324249267578,29.543682098388672,36.741798400878906,39.3702278137207,40.80305480957031,40.51544952392578,40.814659118652344,39.36201095581055,37.30409240722656,35.50983810424805,34.08903503417969,34.61460876464844,38.00321960449219,41.09141159057617,42.011207580566406,39.48478698730469,37.25468826293945,38.83635711669922,35.76982116699219
2016-07-19,32.94076156616211,29.929353713989258,28.203155517578125,26.16181182861328,25.954008102416992,27.745067596435547,33.935508728027344,41.7635612487793,44.43043518066406,46.031654357910156,45.67200469970703,46.03408432006836,43.95873260498047,42.11891555786133,40.098854064941406,38.385498046875,38.88447189331055,43.231563568115234,46.461692810058594,46.874610900878906,44.17753601074219,41.30266571044922,42.59492492675781,39.39004135131836
2016-07-20,33.51626968383789,30.444644927978516,28.74501609802246,26.539169311523438,26.209762573242188,28.122486114501953,33.79243087768555,41.365753173828125,44.21664047241211,45.80241012573242,45.662418365478516,45.792945861816406,44.04718780517578,41.86811065673828,39.86244583129883,38.20048904418945,38.77372741699219,43.38332748413086,46.620121002197266,47.025047302246094,44.40694046020508,41.435340881347656,42.991943359375,39.70696258544922
2016-07-21,31.431825637817383,28.391008377075195,26.779052734375,25.05171012878418,24.381961822509766,25.85405158996582,30.587841033935547,37.03102493286133,39.80845642089844,41.45366287231445,41.87559509277344,42.27333068847656,40.3635368347168,38.29190444946289,36.203575134277344,34.724761962890625,35.192176818847656,39.63225555419922,42.24584197998047,43.83149337768555,41.51605987548828,38.96733093261719,40.55199432373047,37.099273681640625
2016-07-22,32.26218032836914,28.88485336303711,27.15639877319336,25.551986694335938,24.945520401000977,26.434045791625977,31.473047256469727,38.203128814697266,40.594181060791016,42.399192810058594,42.77519607543945,42.888038635253906,41.46773147583008,39.17821502685547,37.00172805786133,35.693965911865234,36.51811981201172,40.38454055786133,43.61466598510742,44.43375015258789,42.378868103027344,39.97090148925781,41.425148010253906,38.24918746948242
2016-07-23,30.419523239135742,27.351058959960938,25.793710708618164,24.249004364013672,23.381301879882812,24.260791778564453,26.859220504760742,30.73935317993164,33.24268341064453,35.152854919433594,36.046348571777344,37.20976257324219,36.09151840209961,33.9604606628418,31.279769897460938,29.518417358398438,30.282386779785156,33.867713928222656,37.56087875366211,39.58500289916992,38.16795349121094,36.69781494140625,38.22919845581055,35.16706466674805
2016-07-24,31.017271041870117,27.64859390258789,26.153900146484375,24.686065673828125,23.76578140258789,24.743141174316406,26.582170486450195,29.558914184570312,32.9705924987793,35.36613464355469,35.620826721191406,36.179439544677734,35.334144592285156,32.7587776184082,30.17858123779297,28.677928924560547,29.574642181396484,32.921142578125,37.1107063293457,39.310997009277344,38.393043518066406,37.18030548095703,38.66546630859375,35.574466705322266
2016-07-25,31.254398345947266,28.2939510345459,26.47327995300293,24.503389358520508,24.154186248779297,25.91985511779785,31.21929931640625,38.66655731201172,41.51789093017578,42.85795974731445,42.83897018432617,43.23556137084961,41.29811477661133,39.399845123291016,37.57048034667969,36.11210632324219,36.30698776245117,40.1193733215332,43.31663131713867,44.103546142578125,41.87684631347656,38.8389892578125,40.431190490722656,37.59322738647461
2016-07-26,30.877609252929688,27.91356658935547,26.181135177612305,24.25631332397461,23.90119743347168,26.028156280517578,31.948728561401367,39.27572250366211,42.05549621582031,43.285499572753906,43.418540954589844,43.53612518310547,41.886436462402344,39.85547637939453,37.91727066040039,36.46276092529297,36.705650329589844,40.65837097167969,43.72999954223633,44.75815200805664,42.08456802368164,39.03862380981445,40.748111724853516,37.48014450073242
2016-07-27,30.07091522216797,27.220396041870117,25.502120971679688,23.594348907470703,23.290874481201172,25.002727508544922,30.88286590576172,38.60157775878906,41.638919830322266,42.69218826293945,42.421913146972656,42.82269287109375,41.00812530517578,39.13994216918945,37.38187026977539,35.549869537353516,35.960968017578125,39.785499572753906,43.2954216003418,44.12339782714844,41.34080505371094,38.37912368774414,39.841590881347656,37.09467315673828
2016-07-28,30.5748348236084,27.503787994384766,25.751243591308594,23.796894073486328,23.40672492980957,24.882003784179688,30.579940795898438,37.74170684814453,39.970191955566406,41.637027740478516,41.528446197509766,42.080806732177734,40.59695053100586,38.54014205932617,36.24863052368164,34.689205169677734,34.77108383178711,38.71900939941406,42.12637710571289,42.970550537109375,40.873207092285156,37.792076110839844,39.66244888305664,36.70594024658203
2016-07-29,29.739192962646484,26.74275779724121,25.17185401916504,23.03449249267578,22.725967407226562,24.468887329101562,28.762264251708984,35.404640197753906,37.972206115722656,39.77948760986328,39.51630401611328,40.148101806640625,38.83464050292969,36.75269317626953,34.62221145629883,32.9915885925293,33.154056549072266,36.75879669189453,40.08611297607422,41.47091293334961,39.74924087524414,36.71101760864258,38.8421745300293,35.63249588012695
2016-07-30,28.792781829833984,25.066810607910156,23.861974716186523,22.261795043945312,21.455245971679688,22.332918167114258,25.215999603271484,28.816730499267578,32.53990936279297,34.23231506347656,34.207191467285156,34.63210678100586,34.12781524658203,32.11930847167969,29.241207122802734,27.808794021606445,27.805240631103516,30.709430694580078,35.073360443115234,36.91498947143555,36.05457305908203,34.53466033935547,36.583595275878906,33.63884735107422
2016-07-31,25.470916748046875,22.314865112304688,20.776016235351562,19.038753509521484,17.719520568847656,19.307931900024414,20.50264549255371,22.66728973388672,25.086217880249023,27.684770584106445,27.871126174926758,28.289501190185547,28.660154342651367,25.985429763793945,23.60308074951172,21.80482292175293,23.51121711730957,25.253995895385742,29.979080200195312,31.43250846862793,32.179161071777344,30.875225067138672,33.178558349609375,30.451427459716797
2016-08-01,27.031848907470703,24.416973114013672,23.0998592376709,21.07037353515625,20.99616050720215,22.755176544189453,28.496963500976562,35.2861328125,37.92088317871094,39.36146926879883,38.94480895996094,38.74565505981445,36.90935134887695,35.55849838256836,33.567832946777344,31.83208465576172,32.20964050292969,35.728050231933594,38.68516540527344,40.082725524902344,37.210105895996094,34.83130645751953,37.00773239135742,33.931549072265625
2016-08-02,28.048664093017578,25.221294403076172,23.83038330078125,21.775432586669922,21.585948944091797,23.522174835205078,28.355501174926758,34.27143096923828,37.23751449584961,39.17902374267578,38.467838287353516,39.055660247802734,37.72923278808594,35.971866607666016,33.83428955078125,32.176937103271484,32.87785720825195,35.814109802246094,39.08623504638672,40.348758697509766,38.76361083984375,36.3772087097168,38.056095123291016,35.24055480957031
2016-08-03,28.482927322387695,25.539390563964844,23.656835556030273,21.77010726928711,21.286911010742188,23.14199447631836,27.850299835205078,34.45035171508789,36.614776611328125,38.5242805480957,38.64400100708008,38.43365478515625,37.45676040649414,35.13414001464844,33.47301483154297,31.88518524169922,32.28656005859375,35.24565505981445,38.55314636230469,40.54227828979492,38.28932189941406,36.169334411621094,37.81782531738281,34.86874008178711
2016-08-04,27.864688873291016,24.57376480102539,23.060028076171875,21.420307159423828,21.064926147460938,22.079818725585938,26.299026489257812,31.725418090820312,34.590492248535156,36.36742401123047,35.974876403808594,35.57740020751953,34.741661071777344,32.7470703125,30.863597869873047,29.698829650878906,29.892196655273438,32.406673431396484,36.09034729003906,37.93729019165039,36.33806610107422,34.86875915527344,36.72370910644531,34.04533004760742
2016-08-05,25.172809600830078,22.46595001220703,20.991870880126953,19.137392044067383,18.764625549316406,20.579652786254883,24.596599578857422,29.745222091674805,31.756145477294922,33.67085647583008,33.26156234741211,34.4291877746582,32.41878890991211,30.721269607543945,29.260284423828125,28.280052185058594,28.080917358398438,31.06403350830078,33.190521240234375,36.12558364868164,33.995506286621094,32.50047302246094,34.66567611694336,31.74274444580078
2016-08-06,25.968536376953125,23.215700149536133,21.3583984375,19.645029067993164,19.568927764892578,20.02353286743164,20.949848175048828,22.966718673706055,24.84111213684082,28.132814407348633,28.276567459106445,28.746063232421875,28.32065200805664,26.09402084350586,23.469345092773438,22.801734924316406,23.16382598876953,26.480680465698242,30.256364822387695,31.925153732299805,32.1004524230957,31.42906951904297,33.59397888183594,30.86968994140625
2016-08-07,22.303192138671875,19.998336791992188,18.643699645996094,17.751327514648438,17.02193832397461,17.667598724365234,18.36228370666504,21.1726131439209,23.4984073638916,25.062171936035156,24.77251434326172,25.478500366210938,24.774173736572266,22.481613159179688,20.282880783081055,19.975427627563477,20.094974517822266,22.12932777404785,25.82091522216797,29.159311294555664,28.34789276123047,28.858104705810547,30.255313873291016,27.6807861328125
2016-08-08,23.632448196411133,21.055015563964844,19.683269500732422,18.341663360595703,18.31500244140625,19.97460174560547,24.642013549804688,30.678115844726562,32.13981246948242,34.05453109741211,33.63303756713867,34.13159942626953,33.44631576538086,31.64786148071289,29.912399291992188,28.21255111694336,28.698328018188477,31.238758087158203,34.819549560546875,35.77180862426758,33.12404251098633,31.648605346679688,33.53377151489258,31.234281539916992
2016-08-09,25.60594940185547,22.36988067626953,21.09252166748047,19.582279205322266,19.055130004882812,20.580955505371094,26.276325225830078,33.020076751708984,35.342567443847656,36.179622650146484,35.76875686645508,36.105682373046875,34.98786544799805,33.513832092285156,31.62631607055664,30.32666015625,30.53400421142578,33.191558837890625,36.69190979003906,37.4411735534668,35.858055114746094,33.26716995239258,35.07368087768555,32.14337158203125
2016-08-10,23.29804229736328,20.75494384765625,19.904033660888672,18.05727195739746,17.462602615356445,18.812393188476562,23.310361862182617,29.379539489746094,31.582855224609375,32.46879577636719,31.385862350463867,32.09598159790039,31.469970703125,29.925142288208008,28.255634307861328,27.326099395751953,27.12046241760254,29.693281173706055,32.788490295410156,33.681251525878906,32.487579345703125,31.382598876953125,32.677024841308594,30.197763442993164
2016-08-11,23.95665740966797,21.766826629638672,19.658203125,18.583053588867188,18.21700668334961,19.39863395690918,22.859020233154297,26.695146560668945,29.820661544799805,31.605676651000977,31.19782257080078,31.468290328979492,31.272640228271484,28.88686180114746,27.073518753051758,25.845443725585938,25.905826568603516,28.201528549194336,31.884424209594727,32.930442810058594,33.12425231933594,31.495784759521484,32.22964859008789,30.073909759521484
2016-08-12,25.741905212402344,23.487056732177734,21.960926055908203,20.2888240814209,19.75064468383789,21.158363342285156,24.48748207092285,29.17086410522461,31.070072174072266,33.684043884277344,33.21550750732422,33.62727737426758,32.719635009765625,30.914592742919922,28.74641990661621,27.861026763916016,27.735029220581055,30.338178634643555,33.91315460205078,35.41972351074219,34.593868255615234,32.88195037841797,34.4886474609375,31.957958221435547
2016-08-13,20.128677368164062,17.22038459777832,16.940292358398438,14.81456184387207,14.613293647766113,14.722116470336914,17.288732528686523,20.10732650756836,21.426979064941406,23.831832885742188,23.30941390991211,23.4877986907959,22.612621307373047,21.413501739501953,18.98563003540039,18.973352432250977,18.856338500976562,19.876197814941406,23.222049713134766,26.94023323059082,27.759883880615234,26.25714111328125,29.374034881591797,27.496562957763672
2016-08-14,18.317777633666992,14.595354080200195,13.40648078918457,12.714231491088867,12.589868545532227,12.612659454345703,12.51878547668457,12.966361999511719,14.009639739990234,13.106292724609375,14.528926849365234,17.61184310913086,16.270484924316406,16.074325561523438,12.855607986450195,12.861150741577148,12.189512252807617,12.605693817138672,16.314319610595703,21.28009033203125,23.05615997314453,21.084314346313477,24.413759231567383,21.747787475585938
2016-08-15,22.25339698791504,19.549217224121094,18.22183609008789,17.091272354125977,16.84351348876953,19.018516540527344,23.129364013671875,28.742755889892578,30.949552536010742,31.875181198120117,31.895503997802734,32.16455078125,31.193355560302734,29.8068904876709,27.878215789794922,27.282087326049805,27.29880142211914,29.868051528930664,31.96601676940918,33.591644287109375,32.22021484375,30.654804229736328,32.63388442993164,29.6447811126709
2016-08-16,26.876108169555664,23.877052307128906,22.441322326660156,20.671955108642578,20.66155242919922,22.133764266967773,27.028287887573242,33.20125961303711,35.74397659301758,37.22455596923828,36.837379455566406,37.40480041503906,35.76194381713867,33.507041931152344,32.295143127441406,30.65362548828125,31.143325805664062,34.2083625793457,37.54526138305664,39.17478942871094,36.81645965576172,34.86008834838867,36.523895263671875,33.253997802734375
2016-08-17,26.355804443359375,23.49127197265625,21.554582595825195,20.1239013671875,19.672252655029297,21.32527732849121,25.752079010009766,31.483348846435547,34.38902282714844,35.38166809082031,35.1910285949707,35.750938415527344,34.31622314453125,33.20901107788086,30.773235321044922,29.605817794799805,29.643943786621094,33.477142333984375,36.564453125,37.739295959472656,35.3528938293457,33.13053894042969,35.29566192626953,32.65755081176758
2016-08-18,25.96025276184082,23.482284545898438,22.128379821777344,20.419265747070312,20.05007553100586,21.716711044311523,25.46908187866211,30.64910125732422,33.0102424621582,34.594024658203125,35.031227111816406,35.15550231933594,34.20560073852539,32.326629638671875,30.771930694580078,29.082286834716797,29.215023040771484,32.24521255493164,35.18424987792969,37.32069778442383,35.57676696777344,33.978519439697266,35.73438262939453,32.97557830810547
2016-08-19,26.111135482788086,23.391502380371094,21.972240447998047,19.960147857666016,19.17867660522461,21.10907745361328,25.696308135986328,31.541141510009766,34.314762115478516,35.014617919921875,34.302616119384766,34.78776931762695,34.15381622314453,32.261295318603516,30.232322692871094,28.91291046142578,29.27766990661621,32.20317840576172,35.45182418823242,36.82590866088867,35.02120590209961,33.172584533691406,34.77436828613281,32.30595016479492
2016-08-20,25.350826263427734,21.994470596313477,20.603971481323242,18.995105743408203,18.571090698242188,19.59083366394043,20.88014793395996,23.728124618530273,26.444522857666016,27.889556884765625,29.10914421081543,29.07006072998047,28.56194305419922,25.740612030029297,23.840682983398438,22.891191482543945,23.392898559570312,25.558395385742188,29.995559692382812,32.702117919921875,31.91661834716797,31.061767578125,32.11046600341797,28.768577575683594
2016-08-21,22.707975387573242,18.73181915283203,18.302776336669922,17.380638122558594,16.22709846496582,16.244524002075195,14.655357360839844,14.038698196411133,15.593582153320312,18.598356246948242,20.5086727142334,19.8920955657959,21.223419189453125,17.67331886291504,14.740978240966797,15.091255187988281,14.965713500976562,18.437602996826172,20.247135162353516,26.873157501220703,27.235353469848633,27.223190307617188,28.49501609802246,26.6552734375
2016-08-22,24.69538116455078,21.63837432861328,20.5743408203125,18.582866668701172,18.535465240478516,20.233917236328125,25.005481719970703,30.108715057373047,33.539852142333984,34.49559783935547,33.57392883300781,33.52515411376953,32.82422637939453,31.099220275878906,29.336681365966797,27.863584518432617,28.10706329345703,30.73600196838379,33.571624755859375,35.62055969238281,34.0081672668457,31.886119842529297,33.56608581542969,30.81852149963379
2016-08-23,24.475656509399414,22.094905853271484,20.690528869628906,18.68759536743164,18.89708709716797,20.592857360839844,26.380599975585938,33.609474182128906,35.96708297729492,36.642093658447266,36.4608154296875,36.364349365234375,34.987693786621094,34.072845458984375,32.141685485839844,30.719131469726562,31.381511688232422,33.70050811767578,37.427398681640625,38.285247802734375,35.937644958496094,33.79191207885742,35.17767333984375,32.33707809448242
2016-08-24,28.263477325439453,25.77762222290039,24.07406234741211,22.098899841308594,22.0059814453125,23.82721710205078,29.508663177490234,36.18942642211914,38.984596252441406,40.05988311767578,39.629520416259766,39.886009216308594,38.42238998413086,36.81352233886719,35.024600982666016,33.37157440185547,33.93247985839844,36.569236755371094,39.87168884277344,40.96609115600586,38.951473236083984,36.325931549072266,37.91685485839844,35.205047607421875
2016-08-25,31.16859245300293,28.230575561523438,26.42957305908203,24.51305389404297,24.296737670898438,26.182905197143555,32.04802322387695,39.483795166015625,42.09587860107422,43.15708923339844,42.73074722290039,43.095603942871094,41.37413787841797,39.70075988769531,37.72105407714844,36.28411102294922,36.7253532409668,40.666561126708984,44.01762390136719,44.752891540527344,42.23690414428711,38.967750549316406,40.485591888427734,37.776039123535156
2016-08-26,31.807159423828125,28.563583374023438,26.946765899658203,25.173311233520508,24.604904174804688,26.275245666503906,31.23473358154297,37.479278564453125,40.18291473388672,42.02519226074219,41.99152374267578,42.484031677246094,40.63314437866211,38.60103225708008,36.509769439697266,35.0609245300293,35.6129035949707,39.579864501953125,43.12206268310547,44.02064514160156,41.8704948425293,39.03886795043945,40.6451530456543,37.7647819519043
2016-08-27,30.524646759033203,27.252538681030273,25.446353912353516,24.029739379882812,23.244251251220703,24.136062622070312,26.87746810913086,30.408382415771484,33.16254425048828,35.690765380859375,36.39685821533203,36.68083953857422,35.9183349609375,33.23797607421875,30.819320678710938,29.411470413208008,29.77123260498047,33.31578063964844,36.9708251953125,39.37914276123047,38.57835006713867,36.62258529663086,38.50416564941406,35.515724182128906
2016-08-28,25.029251098632812,22.30084991455078,20.55615997314453,18.966651916503906,18.262645721435547,17.86922264099121,19.077075958251953,18.524612426757812,21.467893600463867,24.8453369140625,25.54071044921875,26.203872680664062,26.011463165283203,22.413860321044922,20.424121856689453,19.468395233154297,19.593961715698242,23.384761810302734,25.92804527282715,29.716075897216797,28.828306198120117,28.30575942993164,31.69937515258789,29.38143539428711
2016-08-29,24.043725967407227,21.909433364868164,20.954986572265625,19.404415130615234,19.519624710083008,21.27374267578125,27.188575744628906,33.89521789550781,35.61515808105469,37.27821350097656,36.33165740966797,36.707054138183594,36.13089370727539,34.177940368652344,32.693763732910156,31.160058975219727,31.42572021484375,34.05149459838867,36.71189880371094,38.72319030761719,35.74807357788086,33.705711364746094,35.18912124633789,32.43315505981445
2016-08-30,32.770870208740234,29.635364532470703,27.977489471435547,25.92329216003418,25.628496170043945,27.708297729492188,34.212730407714844,42.451114654541016,45.01966857910156,46.32026672363281,46.010990142822266,46.16246795654297,44.29304122924805,42.70902633666992,41.15126037597656,39.29692840576172,39.689292907714844,44.16407775878906,47.26095199584961,47.62480545043945,44.40411376953125,40.920650482177734,42.48154830932617,39.52713394165039
2016-08-31,32.55848693847656,29.50198745727539,27.86286735534668,25.932903289794922,25.40644645690918,27.068300247192383,32.60852813720703,39.567588806152344,42.29175567626953,44.072837829589844,44.151275634765625,44.452022552490234,42.44124984741211,40.69989776611328,38.687068939208984,37.11579513549805,37.42774200439453,41.57357406616211,45.16120529174805,45.87591552734375,43.24507141113281,40.15765380859375,41.67235565185547,38.88614273071289
2016-09-01,32.1390495300293,28.98753547668457,27.29254150390625,25.38308334350586,24.9642333984375,26.832592010498047,32.47853088378906,39.64043426513672,42.32770538330078,44.04599380493164,43.9788932800293,44.21283721923828,42.26573944091797,40.56874084472656,38.83747863769531,37.17228317260742,37.38069152832031,41.512657165527344,44.670352935791016,45.40656280517578,42.7545166015625,39.664588928222656,41.19422912597656,38.426998138427734
2016-09-02,33.128662109375,29.906585693359375,28.225383758544922,26.12873077392578,25.630847930908203,27.434412002563477,33.37595748901367,40.683555603027344,43.43714904785156,45.02757263183594,45.21598815917969,45.346858978271484,43.36970520019531,41.55961608886719,39.84408187866211,38.08409118652344,38.46985626220703,42.6066780090332,45.93939208984375,46.590423583984375,43.83686065673828,40.67151641845703,42.25414276123047,39.475128173828125
2016-09-03,26.331043243408203,23.546316146850586,21.909664154052734,20.480175018310547,20.121015548706055,21.547149658203125,25.072959899902344,29.82949447631836,32.00046920776367,33.85356903076172,34.16315460205078,34.73963928222656,34.113914489746094,31.820068359375,30.002592086791992,28.567646026611328,28.918794631958008,31.14718246459961,34.91874694824219,37.04708480834961,35.36781311035156,34.04960250854492,35.90166091918945,32.91440200805664
2016-09-04,24.218387603759766,21.20949935913086,19.844512939453125,18.999980926513672,18.530500411987305,18.922990798950195,18.962005615234375,21.102399826049805,23.78935432434082,25.237895965576172,25.180734634399414,25.683433532714844,25.108016967773438,23.969226837158203,21.460689544677734,19.676490783691406,19.65403938293457,22.531639099121094,26.630390167236328,29.388545989990234,29.986469268798828,29.90549087524414,31.24230194091797,29.194074630737305
2016-09-05,26.59714126586914,24.26675796508789,22.79132843017578,21.268566131591797,21.14842414855957,23.577865600585938,30.912857055664062,38.861576080322266,41.882144927978516,42.500736236572266,41.34405517578125,41.673545837402344,39.92018508911133,38.70386505126953,37.330684661865234,35.456687927246094,35.742332458496094,39.164913177490234,41.475494384765625,42.10612106323242,39.11768341064453,35.9957389831543,37.448699951171875,34.7841796875
2016-09-06,31.993820190429688,28.96649169921875,27.413806915283203,25.460002899169922,25.15593147277832,27.236186981201172,33.787288665771484,41.67770004272461,44.508644104003906,45.77006530761719,45.33885955810547,45.83359909057617,43.6696662902832,42.046669006347656,40.634788513183594,38.79973220825195,39.197872161865234,43.25334548950195,46.100059509277344,46.67425537109375,43.73699951171875,40.64186096191406,41.991424560546875,39.100284576416016
2016-09-07,34.50485610961914,31.412363052368164,29.760658264160156,27.47367286682129,27.144641876220703,29.331998825073242,35.9127082824707,44.22740173339844,46.90400695800781,48.29291915893555,48.030033111572266,48.29857635498047,46.137908935546875,44.38506317138672,42.70524597167969,40.82581329345703,41.12751007080078,45.5892448425293,48.951053619384766,49.160011291503906,46.12498092651367,42.76145935058594,44.088993072509766,41.356876373291016
2016-09-08,33.009910583496094,30.015960693359375,28.464229583740234,26.298786163330078,25.97771644592285,28.142972946166992,34.75586700439453,42.88013458251953,45.378662109375,46.72623825073242,46.431156158447266,46.63813781738281,44.54146957397461,42.783817291259766,41.1972541809082,39.539791107177734,39.94862747192383,44.125064849853516,47.416847229003906,47.84194564819336,44.894004821777344,41.45302963256836,42.80938720703125,40.01810073852539
2016-09-09,28.527408599853516,25.754121780395508,24.317134857177734,22.414276123046875,22.205289840698242,23.91754722595215,29.310035705566406,35.36158752441406,38.05439376831055,39.42967224121094,39.27855682373047,39.396759033203125,38.22092819213867,36.377769470214844,34.776641845703125,32.92530822753906,33.17094421386719,37.42001724243164,40.82282257080078,41.516021728515625,38.80735397338867,36.691219329833984,37.990535736083984,35.44318771362305
2016-09-10,28.190937042236328,25.300128936767578,24.00843048095703,22.57718276977539,21.655670166015625,22.426063537597656,26.08498764038086,30.29204559326172,32.958709716796875,33.997955322265625,34.63075637817383,35.71297836303711,34.194515228271484,32.24000549316406,30.10802459716797,28.476242065429688,28.8791561126709,32.47633361816406,36.30847930908203,37.83211898803711,36.495601654052734,35.55433654785156,36.560997009277344,33.89002990722656
2016-09-11,27.501272201538086,24.910003662109375,22.905975341796875,21.995113372802734,20.647138595581055,21.19265365600586,22.1478271484375,23.859128952026367,26.974163055419922,30.835954666137695,29.989551544189453,30.880115509033203,29.848705291748047,28.13763999938965,25.13165855407715,23.355337142944336,24.06147575378418,26.8392333984375,31.417160034179688,33.78369903564453,32.82421875,31.904687881469727,33.89329528808594,31.54236602783203
2016-09-12,30.511056900024414,27.88956069946289,26.26688575744629,24.13446807861328,23.91884994506836,26.545379638671875,34.098876953125,42.89625930786133,45.52931594848633,46.350868225097656,45.2471809387207,45.396419525146484,43.38608932495117,42.03139877319336,40.892608642578125,39.37052917480469,39.404869079589844,43.47566223144531,46.04926300048828,46.59994888305664,42.926170349121094,39.81319046020508,41.0561408996582,38.258785247802734
2016-09-13,39.83342742919922,36.11979293823242,34.23426055908203,31.534080505371094,31.111339569091797,33.830875396728516,42.90836715698242,53.15990447998047,56.124794006347656,57.100399017333984,56.39801025390625,56.15324020385742,53.54329299926758,52.013526916503906,50.5010986328125,48.79098129272461,48.76362609863281,54.54264831542969,57.93760681152344,56.795654296875,52.49897003173828,47.98491668701172,49.025917053222656,46.344852447509766
2016-09-14,38.48313522338867,35.195743560791016,33.23316192626953,30.531551361083984,30.139677047729492,32.74552536010742,41.277339935302734,51.24405288696289,53.873802185058594,55.17146682739258,54.554988861083984,54.39548110961914,51.73639678955078,50.063350677490234,48.73568344116211,46.72938537597656,46.908042907714844,52.707603454589844,55.63423538208008,55.105369567871094,50.95321273803711,46.80641174316406,47.832794189453125,44.9874382019043
2016-09-15,34.57854461669922,31.454063415527344,29.553119659423828,27.452377319335938,27.065357208251953,29.018199920654297,35.47587585449219,43.447200775146484,45.90107727050781,47.451210021972656,47.1074104309082,47.326568603515625,45.23478698730469,43.44023895263672,41.6961784362793,39.99231719970703,40.30774688720703,45.19941711425781,48.355506896972656,48.606475830078125,45.681640625,42.366371154785156,43.728912353515625,40.82398986816406
2016-09-16,34.06236267089844,30.8448429107666,29.060001373291016,27.06201171875,26.52610969543457,28.46055793762207,34.54874801635742,41.99589538574219,44.5688591003418,46.24766159057617,45.90536117553711,46.247737884521484,44.05570602416992,42.33121109008789,40.52314758300781,38.83924865722656,39.145782470703125,43.810428619384766,46.988224029541016,47.5229606628418,44.921653747558594,41.662689208984375,43.09523010253906,40.31945037841797
2016-09-17,26.35523796081543,23.323997497558594,22.34666633605957,21.342994689941406,20.564069747924805,20.992576599121094,24.14301872253418,26.27092742919922,29.535701751708984,30.277265548706055,31.206579208374023,30.882829666137695,30.262645721435547,28.48025894165039,26.694438934326172,25.41393280029297,25.936962127685547,29.805131912231445,33.6819953918457,34.51392364501953,34.59380340576172,33.17974853515625,34.62359619140625,31.87763214111328
2016-09-18,25.46535873413086,22.856950759887695,22.259761810302734,20.56407356262207,20.47824478149414,19.61606216430664,20.527446746826172,21.050622940063477,24.443208694458008,25.692514419555664,27.11818504333496,29.160966873168945,27.54014015197754,24.88030242919922,22.710559844970703,21.637582778930664,21.969064712524414,23.39216423034668,28.418249130249023,32.161476135253906,31.30356788635254,31.042369842529297,32.5718994140625,28.658916473388672
2016-09-19,32.37205505371094,29.57923126220703,27.967613220214844,25.898937225341797,25.72530174255371,28.23664093017578,35.79189682006836,44.50643539428711,47.0302619934082,48.017948150634766,47.321571350097656,47.444793701171875,44.9111213684082,43.84547424316406,42.27063751220703,40.478050231933594,40.82318115234375,45.702816009521484,48.509254455566406,48.093719482421875,44.809627532958984,41.50672149658203,42.74970245361328,40.001136779785156
2016-09-20,34.46182632446289,31.48035430908203,29.776342391967773,27.561418533325195,27.4377498626709,29.95859718322754,38.130165100097656,48.119754791259766,50.33070755004883,51.35718536376953,50.488006591796875,50.35560989379883,47.9621467590332,46.44757843017578,45.222103118896484,43.409332275390625,43.6608772277832,48.86014938354492,51.53207015991211,50.88555908203125,47.31092834472656,43.634254455566406,44.645957946777344,41.957061767578125
2016-09-21,35.919342041015625,32.647308349609375,30.871326446533203,28.48064613342285,28.204904556274414,30.558813095092773,38.0302619934082,47.21181869506836,49.687416076660156,51.140586853027344,50.49040603637695,50.489376068115234,48.22199249267578,46.61888885498047,45.030540466308594,43.04721450805664,43.401424407958984,48.7795295715332,51.599891662597656,51.373870849609375,48.203285217285156,44.338924407958984,45.42172622680664,42.393741607666016
2016-09-22,34.88999938964844,31.477806091308594,29.744834899902344,27.534578323364258,27.12006950378418,29.194072723388672,35.51904296875,43.57502746582031,46.24364471435547,47.71847152709961,47.49715805053711,47.75685501098633,45.555809020996094,43.772525787353516,41.970062255859375,40.186012268066406,40.48057556152344,45.3280143737793,48.36213684082031,48.6882209777832,46.10548400878906,42.73259735107422,43.802734375,40.97377014160156
2016-09-23,32.79173278808594,29.694774627685547,28.064468383789062,25.909229278564453,25.53449249267578,27.373512268066406,33.12745666503906,40.30225372314453,43.15641403198242,44.46015167236328,44.47119140625,44.901344299316406,42.900672912597656,41.04665756225586,39.25440216064453,37.61797332763672,37.80347442626953,42.29953384399414,45.32182693481445,46.119693756103516,43.80685043334961,40.645809173583984,41.82428741455078,39.15581130981445
2016-09-24,32.93655776977539,29.623191833496094,28.006488800048828,25.81801986694336,24.981271743774414,26.173084259033203,29.523950576782227,33.85662078857422,36.842830657958984,38.86667251586914,39.82459259033203,40.403106689453125,39.374969482421875,36.70597839355469,34.44391632080078,32.96639633178711,33.37199020385742,37.65437698364258,41.40145492553711,42.78778839111328,41.571956634521484,39.06085968017578,40.58116149902344,37.66743850708008
2016-09-25,27.6916561126709,24.707460403442383,23.096271514892578,22.317522048950195,21.36471939086914,21.699445724487305,22.881362915039062,25.45344352722168,27.603639602661133,30.741975784301758,31.308502197265625,31.987483978271484,31.17618179321289,29.13290786743164,26.329269409179688,25.188907623291016,25.38711166381836,28.61211585998535,32.21870803833008,34.647499084472656,33.586585998535156,32.844032287597656,35.21278762817383,32.02658462524414
2016-09-26,31.63019371032715,28.59160614013672,26.924354553222656,24.922100067138672,24.803075790405273,26.953317642211914,33.52943801879883,41.42021560668945,44.198143005371094,45.37879943847656,44.86387634277344,45.00489807128906,43.126747131347656,41.369693756103516,39.85059356689453,38.4282112121582,38.83205795288086,42.937400817871094,45.71759033203125,46.346405029296875,43.63372802734375,40.32086181640625,41.58760070800781,38.571617126464844
2016-09-27,35.99369430541992,32.612064361572266,30.847259521484375,28.418033599853516,28.143131256103516,30.56151580810547,37.96717834472656,47.03445053100586,49.43006896972656,50.709144592285156,50.21441650390625,50.37213134765625,47.913246154785156,46.415409088134766,44.736419677734375,43.112186431884766,43.28217315673828,48.31464385986328,51.17064666748047,51.313968658447266,48.19894790649414,44.34980010986328,45.46466827392578,42.466793060302734
2016-09-28,35.23949432373047,31.81839370727539,30.131088256835938,27.91573143005371,27.49173355102539,29.523273468017578,35.91807174682617,43.950836181640625,46.621925354003906,48.09910202026367,47.95573043823242,48.13898849487305,45.93955993652344,44.16940689086914,42.35515594482422,40.807071685791016,41.08357238769531,45.98957824707031,49.18996810913086,49.33441925048828,46.61969757080078,43.20958709716797,44.389888763427734,41.36915969848633
2016-09-29,36.71244430541992,33.27708435058594,31.439289093017578,29.055299758911133,28.61239242553711,30.801067352294922,37.47938537597656,45.81911849975586,48.57445526123047,50.186065673828125,49.918365478515625,50.05657958984375,47.76660919189453,45.80104064941406,44.07219696044922,42.42689514160156,42.786781311035156,47.95695114135742,51.26835632324219,51.11503219604492,48.26811981201172,44.59337615966797,45.76637649536133,42.830509185791016
2016-09-30,35.84353256225586,32.3437614440918,30.547983169555664,28.351213455200195,27.826148986816406,29.730945587158203,35.571998596191406,43.25052261352539,46.021427154541016,47.831085205078125,47.6922607421875,47.912315368652344,45.75147247314453,43.90626525878906,41.922607421875,40.247703552246094,40.647926330566406,45.584781646728516,49.045352935791016,49.222999572753906,46.652587890625,43.33444595336914,44.51884078979492,41.52092742919922
2016-10-01,33.876564025878906,30.173233032226562,28.6026668548584,26.73379898071289,25.694374084472656,27.123912811279297,30.92226791381836,36.0566520690918,38.90174865722656,41.41903305053711,41.368221282958984,42.05706787109375,40.6690559387207,38.407806396484375,36.18968200683594,34.41929626464844,34.776039123535156,39.252559661865234,42.89237594604492,43.89091491699219,42.515838623046875,40.13290786743164,41.5618782043457,38.58759307861328
2016-10-02,28.98937225341797,25.55230712890625,23.963260650634766,22.673477172851562,22.029617309570312,22.808727264404297,24.75475311279297,27.94744873046875,30.480758666992188,32.982879638671875,34.22660827636719,34.6035270690918,33.444679260253906,31.155216217041016,28.821836471557617,27.89862060546875,28.189998626708984,31.538288116455078,34.77167510986328,37.02055358886719,36.755638122558594,35.307533264160156,36.67572021484375,33.57939910888672
2016-10-03,33.62519073486328,30.56201934814453,28.881887435913086,26.857133865356445,26.531593322753906,28.853622436523438,35.848297119140625,44.773834228515625,47.21532440185547,48.46348190307617,47.953330993652344,48.14830017089844,45.87882995605469,44.3522834777832,42.65628433227539,41.18712615966797,41.503787994384766,46.26380920410156,49.30516815185547,49.07635498046875,46.060394287109375,42.48964309692383,43.53108596801758,40.45680236816406
2016-10-04,37.076194763183594,33.70686340332031,31.92850112915039,29.531375885009766,29.044769287109375,31.309097290039062,38.260746002197266,47.18241882324219,49.86008071899414,51.526763916015625,51.21321487426758,51.294063568115234,48.796730041503906,47.08601760864258,45.301570892333984,43.51713180541992,43.941688537597656,49.346885681152344,52.55805587768555,52.27617645263672,49.04379653930664,45.14897155761719,46.32400131225586,43.20302963256836
2016-10-05,33.94009017944336,30.760040283203125,29.153400421142578,27.04543113708496,26.610157012939453,28.813249588012695,35.89531326293945,44.47282791137695,47.19469451904297,48.64447784423828,48.2150764465332,48.35411071777344,46.12343978881836,44.568397521972656,42.75746154785156,41.1732063293457,41.50499725341797,46.38791275024414,49.0710334777832,49.15614318847656,46.3034553527832,42.6734619140625,43.84154510498047,40.767120361328125
2016-10-06,32.153785705566406,29.176897048950195,27.54799461364746,25.553485870361328,25.20594596862793,27.512269973754883,34.058082580566406,42.36387252807617,45.066856384277344,46.36977767944336,46.09205627441406,46.0522346496582,43.9906005859375,42.43054962158203,40.72772216796875,39.19346237182617,39.60868453979492,44.245216369628906,46.955265045166016,47.04793167114258,44.41062927246094,41.086830139160156,42.22654724121094,39.10951232910156
2016-10-07,34.70866012573242,31.54941749572754,29.84187126159668,27.67945671081543,27.265230178833008,29.572513580322266,36.75901794433594,45.360008239746094,48.109981536865234,49.2792854309082,49.02058792114258,48.97636413574219,46.653045654296875,45.03876495361328,43.32844924926758,41.90950012207031,42.1896858215332,47.264808654785156,50.043785095214844,49.75563430786133,47.128997802734375,43.348575592041016,44.398536682128906,41.32849884033203
2016-10-08,40.51310348510742,36.5279426574707,34.5498161315918,32.10993194580078,30.992782592773438,32.487030029296875,37.15529251098633,43.32772445678711,46.264625549316406,48.763389587402344,49.03767013549805,49.48265075683594,47.21971130371094,44.914894104003906,42.63862609863281,40.84868621826172,41.166175842285156,46.091148376464844,50.30751419067383,50.81309127807617,48.78434371948242,45.612510681152344,46.8885383605957,43.931034088134766
2016-10-09,36.32145309448242,32.837127685546875,31.150009155273438,28.962316513061523,27.94459342956543,29.109615325927734,32.68987274169922,37.39525604248047,40.163848876953125,42.7891845703125,43.3902702331543,44.100074768066406,42.48992919921875,40.01301574707031,37.33179473876953,35.751007080078125,36.50212860107422,41.00770568847656,44.6706657409668,45.789466857910156,44.33270263671875,41.94173812866211,43.41814041137695,40.303863525390625
2016-10-10,38.36644744873047,34.817447662353516,33.039005279541016,30.56370735168457,30.024564743041992,32.72243118286133,41.521915435791016,51.527984619140625,54.3320426940918,55.49121856689453,54.57324981689453,54.399688720703125,51.66414260864258,50.4404296875,48.744293212890625,46.99509811401367,47.43284225463867,53.057308197021484,55.778297424316406,54.9648551940918,51.4670524597168,46.85296630859375,47.58916091918945,44.807186126708984
2016-10-11,46.875240325927734,42.761505126953125,40.51778793334961,36.937923431396484,36.30106735229492,39.209312438964844,47.36985778808594,57.26409912109375,60.31730651855469,62.56853485107422,61.77533721923828,61.523216247558594,58.059539794921875,56.390380859375,54.323280334472656,52.62082290649414,52.947601318359375,59.71729278564453,63.1685791015625,61.263832092285156,57.5471076965332,53.365631103515625,54.36302947998047,51.256561279296875
2016-10-12,56.46148681640625,51.85003662109375,48.045562744140625,44.48109817504883,42.724205017089844,45.381324768066406,54.48394012451172,63.808685302734375,66.40702819824219,68.18091583251953,68.24041748046875,68.41355895996094,63.43059158325195,61.544960021972656,59.98881530761719,58.30347442626953,59.14226150512695,65.74946594238281,70.41030883789062,69.54684448242188,64.14028930664062,59.28221130371094,60.05296325683594,57.80552673339844
2016-10-13,50.514747619628906,47.025997161865234,43.793357849121094,40.183685302734375,39.234527587890625,42.4703254699707,53.14320755004883,63.739830017089844,66.86054229736328,68.25646209716797,66.74967956542969,67.43080139160156,64.51138305664062,62.55901336669922,60.60040283203125,58.07366180419922,58.44255828857422,64.26054382324219,68.66110229492188,67.17925262451172,62.57698440551758,56.30487823486328,57.363624572753906,55.16123580932617
2016-10-14,46.213890075683594,42.09357833862305,39.90093231201172,37.11870574951172,36.106040954589844,39.715232849121094,49.92493438720703,60.84600067138672,64.08577728271484,64.86219787597656,64.33807373046875,63.74872589111328,60.03250503540039,59.20846939086914,57.68052673339844,55.276649475097656,56.00889587402344,62.00514221191406,66.87551879882812,65.05899047851562,59.05571746826172,53.2440185546875,54.82010269165039,52.01874542236328
2016-10-15,54.402320861816406,49.94652557373047,46.77442932128906,43.41604995727539,41.647159576416016,43.30135726928711,48.455196380615234,56.863250732421875,59.20350646972656,62.47369384765625,62.09474182128906,62.788089752197266,58.96700668334961,56.75325012207031,53.862186431884766,51.71206283569336,52.2581787109375,59.109920501708984,63.991634368896484,63.9779167175293,61.368064880371094,56.167030334472656,58.04246520996094,55.04618835449219
2016-10-16,39.02388381958008,35.23564529418945,33.13373947143555,30.956932067871094,30.02832794189453,31.32758331298828,35.57841491699219,41.32660675048828,44.27085876464844,46.698577880859375,47.116859436035156,47.52548599243164,45.33180618286133,42.85597610473633,40.474021911621094,38.779197692871094,39.33213806152344,43.85287094116211,47.8006591796875,49.12892532348633,47.6329345703125,44.55006790161133,45.79689025878906,42.733943939208984
2016-10-17,43.4957160949707,39.695556640625,37.39486312866211,34.48059844970703,34.11357116699219,37.177757263183594,46.700340270996094,57.044342041015625,59.49589538574219,61.197608947753906,59.8736572265625,59.51424026489258,56.30755615234375,54.53905487060547,53.50062561035156,51.97071838378906,52.000885009765625,57.91805648803711,61.25218963623047,60.50655746459961,55.73668670654297,51.16122817993164,52.427528381347656,49.03628921508789
2016-10-18,50.34056091308594,45.83022689819336,43.508888244628906,39.49449920654297,39.17500305175781,43.307899475097656,56.32587814331055,71.52063751220703,73.04552459716797,74.77082824707031,71.27117919921875,70.368408203125,66.17718505859375,65.58547973632812,64.45939636230469,61.56251907348633,62.0755729675293,68.45724487304688,72.67140197753906,71.0216064453125,64.44884490966797,57.78096008300781,58.80406188964844,56.7862663269043
2016-10-19,52.46786117553711,47.6966438293457,45.129737854003906,41.245384216308594,40.42033004760742,44.28657150268555,55.971839904785156,69.29788970947266,72.28117370605469,73.96992492675781,71.93163299560547,70.36358642578125,67.40898132324219,67.03287506103516,65.37468719482422,62.76171112060547,62.64008712768555,68.75892639160156,73.76044464111328,70.51673889160156,64.45516204833984,58.557647705078125,59.343109130859375,56.238651275634766
2016-10-20,54.144561767578125,50.29865646362305,47.326690673828125,43.776336669921875,43.861244201660156,47.03276062011719,57.290523529052734,70.18229675292969,72.31266784667969,74.74827575683594,71.44733428955078,70.85508728027344,66.44717407226562,65.42466735839844,64.59638214111328,62.41157531738281,62.997474670410156,69.60887908935547,74.56488037109375,73.36454010009766,66.72785186767578,60.65669250488281,61.24908447265625,58.202613830566406
2016-10-21,61.256797790527344,59.59228515625,57.988948822021484,51.30955505371094,50.01103973388672,55.51002502441406,67.79180908203125,80.34803771972656,84.69851684570312,86.39881134033203,83.7088623046875,83.61543273925781,77.73216247558594,74.49923706054688,72.8050537109375,72.73136138916016,73.29644775390625,78.14901733398438,87.31581115722656,86.88667297363281,74.91971588134766,68.09587097167969,68.70219421386719,65.72137451171875
2016-10-22,54.65312957763672,51.24736022949219,48.51902770996094,44.537757873535156,42.79923629760742,45.43367385864258,51.58844757080078,60.78632354736328,64.4076156616211,67.29357147216797,67.85818481445312,67.3301773071289,64.50926208496094,61.71318054199219,59.26280975341797,56.48849868774414,56.80508041381836,63.962913513183594,68.91829681396484,68.16179656982422,63.67198181152344,57.912506103515625,60.141658782958984,56.2786750793457
2016-10-23,46.295780181884766,42.25785446166992,40.224605560302734,37.330848693847656,35.971073150634766,37.85037612915039,42.78730392456055,50.51404571533203,52.79534149169922,55.637516021728516,56.21628189086914,56.09223175048828,53.335018157958984,50.759300231933594,48.28490447998047,46.465641021728516,46.66117477416992,53.196861267089844,57.894893646240234,58.359466552734375,55.10728073120117,51.16604232788086,51.98681640625,49.17871856689453
2016-10-24,47.64645767211914,43.380958557128906,40.80133056640625,37.941802978515625,37.22235107421875,40.22708511352539,51.41172409057617,64.17765808105469,66.85792541503906,68.35124969482422,66.70913696289062,66.25467681884766,63.0069465637207,62.286712646484375,61.42005157470703,58.676605224609375,59.053955078125,65.16825866699219,68.03010559082031,66.6956558227539,61.152122497558594,54.9936637878418,55.6427116394043,54.250640869140625
2016-10-25,56.503387451171875,52.56916046142578,50.00505828857422,44.968692779541016,44.26245880126953,50.503211975097656,64.0106430053711,75.48185729980469,79.2587890625,79.21524810791016,78.95289611816406,78.00826263427734,73.46427917480469,72.51953887939453,72.17767333984375,72.07569122314453,69.82795715332031,77.8585205078125,81.41987609863281,78.53816223144531,69.68728637695312,63.140663146972656,64.58615112304688,62.034423828125
2016-10-26,62.58930969238281,60.728492736816406,58.611183166503906,51.3802604675293,49.17070388793945,54.021202087402344,70.810302734375,87.37998962402344,94.52534484863281,94.04036712646484,88.6236572265625,87.75933837890625,85.51223754882812,83.48985290527344,82.43203735351562,78.22795104980469,76.3873519897461,84.35089874267578,89.50605773925781,85.72993469238281,78.97037506103516,69.37281036376953,71.80091857910156,67.47457885742188
2016-10-27,60.97389221191406,57.14763259887695,54.50666809082031,48.614097595214844,46.51568603515625,53.611724853515625,69.3262939453125,83.59333801269531,87.77439880371094,86.8711166381836,85.51649475097656,82.84823608398438,80.67425537109375,78.53057861328125,78.17269897460938,71.97128295898438,73.1519546508789,78.32252502441406,85.11770629882812,84.92047119140625,74.8218002319336,65.53468322753906,67.65180969238281,65.44813537597656
2016-10-28,54.124454498291016,50.409706115722656,47.289527893066406,42.133304595947266,41.948341369628906,45.53909683227539,57.024749755859375,69.10868072509766,72.02936553955078,74.22635650634766,70.6015396118164,69.75310516357422,66.35543060302734,66.3888931274414,63.63325500488281,61.42909240722656,62.203407287597656,69.37420654296875,71.46102905273438,72.34797668457031,65.96834564208984,60.42539978027344,60.73497772216797,57.22288513183594
2016-10-29,51.71207809448242,47.4500846862793,44.470115661621094,41.44607925415039,39.4677734375,41.375755310058594,47.15453338623047,54.28752899169922,57.50654602050781,60.204524993896484,60.59880447387695,60.27320098876953,57.38080978393555,55.13610076904297,52.95178985595703,50.33190155029297,50.02244567871094,57.178504943847656,61.922019958496094,62.0047492980957,58.96293258666992,54.92390441894531,56.287532806396484,53.338619232177734
2016-10-30,44.37772750854492,40.52970886230469,38.203643798828125,35.710594177246094,34.20801544189453,35.623069763183594,40.20722579956055,46.84284210205078,49.65966796875,52.298736572265625,52.37858963012695,52.66968536376953,50.501548767089844,47.85053253173828,45.11813735961914,43.6541633605957,43.98214340209961,49.64652633666992,54.519649505615234,55.111454010009766,52.41822052001953,48.85797119140625,49.892642974853516,46.8333740234375
2016-10-31,39.6703987121582,36.08025360107422,34.353633880615234,31.52014923095703,31.26021385192871,33.92817306518555,43.29871368408203,53.99650955200195,56.71345520019531,57.95309829711914,56.370052337646484,56.282920837402344,53.53038024902344,51.72578430175781,50.553524017333984,48.66695785522461,49.0904426574707,54.47329330444336,57.39714050292969,57.57145309448242,53.35176467895508,48.26437759399414,49.222801208496094,46.330604553222656
2016-11-01,41.59873962402344,38.00154113769531,35.95124816894531,33.5468635559082,32.41284942626953,35.46326446533203,45.016361236572266,55.62864303588867,58.57391357421875,59.542266845703125,58.101348876953125,57.794681549072266,54.602333068847656,52.87577438354492,51.504180908203125,49.7839241027832,50.24034118652344,55.952659606933594,60.17567443847656,59.562965393066406,54.821529388427734,49.38931655883789,50.25550842285156,47.37810516357422
2016-11-02,40.849029541015625,37.13176345825195,35.236541748046875,32.21308135986328,31.93490982055664,35.20752716064453,45.51164245605469,56.855648040771484,59.3974609375,60.067752838134766,58.228878021240234,58.03572082519531,55.08517074584961,53.78662109375,52.41660690307617,51.2110710144043,50.92218780517578,56.88710403442383,60.02490234375,59.37975311279297,54.55237579345703,49.462425231933594,50.21784973144531,47.809417724609375
2016-11-03,47.357391357421875,43.34796142578125,40.329193115234375,37.518714904785156,36.75175094604492,40.076210021972656,50.19745635986328,63.10455322265625,65.30591583251953,66.21428680419922,65.22320556640625,64.70816040039062,61.30439376831055,59.31325912475586,57.66951370239258,55.685585021972656,55.8007698059082,62.51582717895508,66.58381652832031,65.5051040649414,60.38995361328125,54.085357666015625,55.106937408447266,52.146080017089844
2016-11-04,53.07568359375,48.87346649169922,46.14011764526367,42.819950103759766,41.364105224609375,44.525413513183594,54.31864929199219,65.0600814819336,69.20849609375,71.5875244140625,70.48007202148438,69.33406829833984,65.44991302490234,63.64689636230469,61.722721099853516,59.909610748291016,60.060752868652344,67.58767700195312,72.09371185302734,71.18182373046875,64.0543212890625,58.095882415771484,58.46614456176758,56.20733642578125
2016-11-05,52.35041046142578,47.4359016418457,45.565494537353516,41.89266586303711,40.331085205078125,42.8377799987793,50.15726089477539,58.897090911865234,62.51081848144531,65.09343719482422,63.591468811035156,62.58404541015625,60.017704010009766,56.73316955566406,55.263397216796875,53.83097457885742,53.91362380981445,61.05577850341797,66.3779525756836,67.2274169921875,61.617469787597656,56.547080993652344,58.041648864746094,54.57791519165039
2016-11-06,38.505760192871094,34.766597747802734,33.01647186279297,30.6999454498291,29.632972717285156,30.780609130859375,35.398521423339844,41.79677963256836,44.42234802246094,46.825279235839844,46.892887115478516,47.410926818847656,45.48330307006836,43.05532455444336,40.62156295776367,38.97758865356445,39.47365188598633,44.19858169555664,48.617855072021484,49.94639587402344,47.32843017578125,44.511695861816406,45.3988037109375,42.50026321411133
2016-11-07,39.000091552734375,35.46355438232422,33.78712844848633,31.019611358642578,30.54693603515625,33.28300476074219,41.82634353637695,52.074134826660156,54.2036018371582,55.67857360839844,54.85666275024414,54.680908203125,51.885013580322266,50.42451095581055,48.720298767089844,46.75392150878906,47.173709869384766,52.552310943603516,56.19346618652344,56.0087776184082,51.476898193359375,47.336402893066406,47.9632453918457,45.18331527709961
2016-11-08,61.00626754760742,56.49553680419922,52.65983581542969,47.88339614868164,47.59385681152344,51.64470672607422,63.9387092590332,74.21734619140625,78.19413757324219,81.86611938476562,78.40519714355469,75.85350799560547,71.896240234375,68.96344757080078,67.06004333496094,65.89525604248047,65.78419494628906,71.96723175048828,79.01789855957031,77.64936065673828,70.56183624267578,63.22594451904297,64.51737976074219,61.321311950683594
2016-11-09,59.422428131103516,53.45509338378906,50.38340759277344,45.81266784667969,44.98963165283203,51.92101287841797,70.6645736694336,87.49490356445312,86.31248474121094,90.14114379882812,84.08919525146484,82.99614715576172,79.58814239501953,79.92356872558594,79.96194458007812,77.62141418457031,76.567626953125,82.17996215820312,91.21106719970703,87.42781829833984,75.12562561035156,66.50353240966797,68.18669128417969,64.65888977050781
2016-11-10,56.11259841918945,51.907188415527344,48.223297119140625,43.828880310058594,43.587066650390625,48.50878143310547,63.252464294433594,75.18900299072266,79.48757934570312,81.13607788085938,80.36310577392578,77.61274719238281,71.11985778808594,70.68270111083984,70.1176986694336,67.0418472290039,67.14569854736328,76.25359344482422,81.47035217285156,81.56761169433594,70.48992919921875,61.70280456542969,63.65098571777344,61.7135124206543
2016-11-11,54.648155212402344,50.348915100097656,47.94427490234375,43.663822174072266,42.69205856323242,45.963623046875,56.86781311035156,68.03132629394531,71.6385726928711,73.81452178955078,71.17240905761719,70.7181625366211,66.81082916259766,65.57215881347656,63.28234100341797,61.91680908203125,60.813079833984375,69.29547119140625,74.85152435302734,74.23330688476562,66.07542419433594,60.09535217285156,60.649658203125,58.682403564453125
2016-11-12,51.443603515625,46.59382247924805,44.046287536621094,41.151954650878906,39.46565246582031,41.50542449951172,47.46209716796875,55.59331512451172,58.99546813964844,61.28715133666992,61.25931167602539,60.77534484863281,58.085777282714844,55.74720001220703,53.20568084716797,50.41550827026367,51.49467849731445,57.977657318115234,62.78729248046875,63.665775299072266,59.317691802978516,54.426475524902344,55.33848190307617,53.159297943115234
2016-11-13,47.84546661376953,43.92687225341797,41.06964874267578,38.20819091796875,36.669395446777344,38.14643478393555,43.31651306152344,49.93928527832031,52.692256927490234,56.00941848754883,56.617191314697266,56.35649871826172,54.298099517822266,51.04414367675781,48.82676315307617,46.683387756347656,46.99932098388672,53.35834503173828,57.7236328125,59.10447692871094,55.817256927490234,51.88785171508789,52.83023452758789,50.31429672241211
2016-11-14,51.35554504394531,45.93225860595703,44.644500732421875,38.96614456176758,39.59954071044922,44.95588302612305,60.9520263671875,77.91404724121094,80.09817504882812,81.84403991699219,78.45662689208984,75.61162567138672,71.4013671875,73.07561492919922,72.26542663574219,70.55738067626953,68.77295684814453,75.86880493164062,79.71319580078125,77.10116577148438,69.12902069091797,60.59251403808594,60.449859619140625,57.259857177734375
2016-11-15,57.286842346191406,53.61997985839844,51.20828628540039,48.157684326171875,45.834144592285156,53.346290588378906,72.63021850585938,88.98287200927734,93.96031188964844,95.24238586425781,87.05158996582031,83.71070861816406,79.85063171386719,82.76750183105469,81.43767547607422,80.7503890991211,79.99475860595703,84.7426986694336,90.56139373779297,86.61914825439453,74.44212341308594,64.89875030517578,67.36815643310547,67.3436279296875
2016-11-16,56.75326156616211,51.59474182128906,47.74513244628906,43.963600158691406,43.237205505371094,48.80009078979492,63.973358154296875,76.11851501464844,80.66118621826172,82.008544921875,79.89065551757812,76.67149353027344,73.15518951416016,72.11593627929688,68.71554565429688,68.31857299804688,68.84892272949219,75.19210815429688,79.99993896484375,78.16476440429688,71.1063232421875,62.040611267089844,62.96820831298828,60.12053680419922
2016-11-17,48.427490234375,44.76776885986328,41.5423469543457,38.177513122558594,37.58304977416992,42.672584533691406,55.35777282714844,69.92066955566406,72.91413879394531,72.27360534667969,70.40116882324219,70.404541015625,66.28924560546875,65.57150268554688,64.56417846679688,61.99494934082031,60.886871337890625,68.24005889892578,71.00770568847656,70.2530517578125,63.044246673583984,56.142574310302734,56.89976501464844,54.134891510009766
2016-11-18,44.021148681640625,39.91066360473633,37.61689758300781,34.72547912597656,34.021018981933594,37.50963592529297,46.65552520751953,57.897071838378906,60.67511749267578,63.05860137939453,61.233482360839844,61.32817077636719,58.48127746582031,56.3114013671875,54.80687713623047,52.81254577636719,53.01814270019531,59.05788803100586,62.75390625,61.979774475097656,56.99767303466797,51.82328796386719,52.612022399902344,50.298160552978516
2016-11-19,41.163230895996094,37.138545989990234,35.19862365722656,32.75212860107422,31.902667999267578,34.07849884033203,40.75761413574219,49.25532913208008,51.98745346069336,54.16313934326172,53.70891571044922,53.73686981201172,50.96710205078125,49.25471496582031,47.07681655883789,45.08989334106445,45.42649841308594,51.004119873046875,55.08345031738281,55.36521530151367,51.78804016113281,47.718589782714844,48.677398681640625,46.09663772583008
2016-11-20,36.54726028442383,32.961124420166016,31.167009353637695,29.1124210357666,28.079587936401367,29.592926025390625,34.499732971191406,41.015106201171875,43.85359573364258,46.234161376953125,46.1539421081543,46.40800094604492,44.339534759521484,42.29130554199219,40.112674713134766,38.332523345947266,38.77378463745117,43.67011642456055,47.448020935058594,48.337223052978516,46.139556884765625,42.93816375732422,44.153568267822266,41.43119812011719
2016-11-21,41.367431640625,37.64521789550781,35.75908279418945,33.2085075378418,32.67204666137695,36.3574333190918,49.16651916503906,63.220916748046875,65.8348159790039,66.11323547363281,64.37450408935547,62.561370849609375,58.94666290283203,58.40203857421875,57.87995147705078,56.05290222167969,56.084083557128906,62.34563064575195,65.5436019897461,63.0531005859375,56.89554977416992,50.87409210205078,51.5728759765625,48.99736022949219
2016-11-22,36.105403900146484,32.795265197753906,31.05162239074707,28.21883773803711,28.20594024658203,31.989946365356445,42.410457611083984,55.09972381591797,57.323951721191406,57.9727668762207,56.85525131225586,55.89335632324219,52.786529541015625,51.95260238647461,50.47318649291992,48.87178039550781,49.106239318847656,54.65681076049805,57.05872344970703,56.08283233642578,51.09602737426758,45.44402313232422,46.44967269897461,44.17164611816406
2016-11-23,39.87412643432617,36.359352111816406,34.14387893676758,31.290218353271484,30.99271011352539,34.35215377807617,44.87518310546875,57.79813766479492,60.494285583496094,61.430660247802734,59.40541076660156,58.461952209472656,55.35987091064453,54.149635314941406,53.20039749145508,51.57705307006836,51.78596496582031,57.68423843383789,60.22735595703125,59.22898864746094,54.262550354003906,48.793880462646484,49.120086669921875,46.67343521118164
2016-11-24,42.03331756591797,37.942989349365234,35.750038146972656,32.82103729248047,32.244773864746094,35.923439025878906,45.310386657714844,56.558349609375,59.42194366455078,60.38203048706055,59.236846923828125,58.81766891479492,55.89033889770508,54.077186584472656,52.441246032714844,50.77427291870117,51.319557189941406,57.48755645751953,60.51313781738281,59.833091735839844,55.12382507324219,49.87934494018555,51.04740524291992,48.22390365600586
2016-11-25,44.238525390625,39.82073974609375,37.78289031982422,35.13949203491211,34.16059875488281,36.963104248046875,46.19181823730469,57.03716278076172,59.80222702026367,61.249366760253906,60.24232864379883,59.861656188964844,57.119972229003906,55.06346130371094,53.53830337524414,51.47232437133789,51.91410827636719,58.32451629638672,61.101497650146484,60.730655670166016,56.33724594116211,51.47844314575195,52.08121109008789,49.329811096191406
2016-11-26,41.28553009033203,37.1971435546875,35.290287017822266,32.716976165771484,31.57774543762207,33.57673645019531,39.734130859375,47.2437744140625,50.352577209472656,52.668800354003906,52.44660568237305,52.64962387084961,50.07621383666992,47.87838363647461,45.872215270996094,43.894287109375,44.2498664855957,49.72999572753906,53.41957473754883,53.90900802612305,51.284610748291016,47.361732482910156,48.49446487426758,45.861934661865234
2016-11-27,37.644317626953125,33.95264434814453,32.10308837890625,29.9468994140625,28.949321746826172,30.234098434448242,34.55657958984375,40.4269905090332,43.3508415222168,45.72687911987305,46.188255310058594,46.38420867919922,44.67025375366211,42.14912414550781,39.83390426635742,38.07243728637695,38.51868438720703,43.310264587402344,47.01877212524414,48.08329772949219,46.095428466796875,43.255653381347656,44.77660369873047,41.950382232666016
2016-11-28,36.210628509521484,32.85586929321289,31.056127548217773,28.65523338317871,28.417808532714844,31.572067260742188,40.986228942871094,52.36783981323242,55.224090576171875,55.577510833740234,54.26139450073242,54.07722091674805,51.097381591796875,49.962501525878906,48.79625701904297,46.96087646484375,47.24277114868164,52.75580978393555,55.50695037841797,54.548282623291016,50.23970031738281,45.19819641113281,45.96993637084961,43.372039794921875
2016-11-29,45.537818908691406,41.51000213623047,39.07262420654297,36.0814094543457,35.959903717041016,40.10818099975586,51.06713104248047,63.90106201171875,66.549560546875,67.82858276367188,65.73847961425781,65.50782012939453,61.509334564208984,61.17127227783203,59.924957275390625,58.094940185546875,59.061851501464844,65.4328842163086,67.42025756835938,66.59724426269531,59.09568786621094,53.525787353515625,54.81946563720703,52.571434020996094
2016-11-30,49.834747314453125,45.51922607421875,43.37580108642578,39.27896499633789,38.53854751586914,42.76200866699219,54.74828338623047,67.1383285522461,70.27627563476562,71.53528594970703,69.02764892578125,68.31047058105469,64.8804931640625,63.38935089111328,62.3876953125,60.68470001220703,59.59502410888672,66.19589233398438,70.70454406738281,70.25489044189453,63.140926361083984,56.12694549560547,57.26264953613281,54.70231246948242
2016-12-01,58.80516052246094,55.82683563232422,52.502830505371094,45.88486099243164,44.673004150390625,50.699729919433594,68.67801666259766,81.85542297363281,85.54611206054688,86.19622802734375,84.4080810546875,82.5638427734375,76.72063446044922,75.91807556152344,74.5967788696289,73.6323013305664,73.0902099609375,80.98576354980469,85.03189086914062,80.71483612060547,73.14629364013672,64.9537582397461,65.5827865600586,63.52922058105469
2016-12-02,66.05487060546875,61.13957214355469,57.113670349121094,51.04494857788086,50.11962127685547,57.943450927734375,68.72396850585938,79.69235229492188,84.08195495605469,86.95094299316406,83.80205535888672,84.03697204589844,78.23225402832031,75.83799743652344,73.55363464355469,71.58759307861328,71.6969223022461,79.56570434570312,88.57386779785156,83.67039489746094,77.79414367675781,68.63313293457031,67.7327880859375,67.2740478515625
2016-12-03,50.36083984375,46.16871643066406,43.672874450683594,39.60666275024414,38.95286178588867,42.004940032958984,49.760658264160156,58.612098693847656,61.983123779296875,64.55413818359375,63.68818283081055,63.709938049316406,60.41119384765625,58.22141647338867,56.4579963684082,54.15229415893555,54.44510269165039,61.013343811035156,65.93489074707031,65.57411193847656,60.64939880371094,55.27616882324219,56.186119079589844,54.331260681152344
2016-12-04,40.94588851928711,37.15880584716797,35.13637161254883,32.40873718261719,31.569000244140625,33.31562042236328,39.03715133666992,46.40264129638672,49.12642288208008,51.49108123779297,51.466182708740234,51.54159164428711,49.16244888305664,46.937347412109375,45.053890228271484,43.12766647338867,43.3812370300293,48.76323318481445,52.82948303222656,53.29390335083008,50.7230224609375,46.663490295410156,48.159725189208984,45.27533721923828
2016-12-05,43.342063903808594,39.623844146728516,37.26397705078125,34.068355560302734,33.600181579589844,37.571205139160156,47.865962982177734,60.67694854736328,63.19134521484375,63.783180236816406,62.32556915283203,61.479183197021484,58.13934326171875,56.95539093017578,55.564884185791016,54.283512115478516,54.36796951293945,59.857398986816406,63.19092559814453,61.1866569519043,56.220672607421875,50.859474182128906,52.003719329833984,49.74296951293945
2016-12-06,53.012123107910156,48.745155334472656,46.50775146484375,42.04313659667969,41.132423400878906,46.75661087036133,60.419189453125,73.4679946899414,77.05247497558594,77.19863891601562,76.25,75.1178207397461,71.20957946777344,71.60094451904297,69.28004455566406,67.47982025146484,66.8383560180664,73.27407836914062,77.11650848388672,73.86363220214844,68.63832092285156,60.88201904296875,63.19719314575195,58.959007263183594
2016-12-07,58.986289978027344,54.65486145019531,52.077484130859375,46.51342010498047,45.7005500793457,52.77826690673828,66.54380798339844,82.82246398925781,84.99063110351562,86.71092224121094,83.51063537597656,81.63247680664062,77.18329620361328,75.180419921875,73.32612609863281,70.99362182617188,70.75100708007812,80.25082397460938,89.39109802246094,82.37877655029297,74.01203155517578,64.45437622070312,64.44734191894531,64.01557922363281
2016-12-08,50.81088638305664,46.07701873779297,43.22697067260742,39.65562438964844,39.44682693481445,43.75019836425781,54.41374588012695,67.81221771240234,71.14608764648438,73.06671905517578,70.85919189453125,69.92635345458984,67.29835510253906,65.39812469482422,62.83850860595703,60.813758850097656,60.56968307495117,68.64659881591797,72.5486831665039,69.7979736328125,63.466758728027344,56.783607482910156,57.45571517944336,55.320556640625
2016-12-09,42.90582275390625,38.678932189941406,36.745243072509766,33.58128356933594,32.95429229736328,35.81725311279297,44.98623275756836,55.098480224609375,57.844722747802734,59.0872802734375,58.10936737060547,57.83000564575195,55.24026870727539,53.6099853515625,52.253517150878906,50.23957824707031,50.36051940917969,56.16255187988281,59.615299224853516,59.42630386352539,54.746971130371094,50.0969352722168,51.43915557861328,48.43793487548828
2016-12-10,39.06644821166992,35.235260009765625,33.247684478759766,30.814411163330078,30.09693717956543,32.081966400146484,38.20198059082031,45.626461029052734,48.42108917236328,50.36494827270508,50.3036003112793,50.400550842285156,47.95541763305664,45.901634216308594,43.85166931152344,42.15237045288086,42.57656478881836,47.91562271118164,51.717002868652344,52.124549865722656,49.1302490234375,45.445281982421875,46.885257720947266,43.88758850097656
2016-12-11,35.01123046875,31.42429542541504,29.576318740844727,27.66755485534668,26.729881286621094,27.71614646911621,31.463199615478516,36.634796142578125,39.23701477050781,41.67863082885742,42.34376525878906,42.935035705566406,41.03575897216797,38.64330291748047,36.284881591796875,34.888343811035156,35.58419418334961,39.73160171508789,44.02446746826172,45.49977111816406,43.09820556640625,40.76557540893555,42.14155578613281,39.299129486083984
2016-12-12,41.65041732788086,37.7762336730957,35.74742889404297,32.931068420410156,32.5224609375,35.96254348754883,45.53397750854492,57.196712493896484,59.70270538330078,60.81974411010742,59.272300720214844,58.85111999511719,55.61131286621094,54.423858642578125,53.22625732421875,51.42245101928711,51.31235885620117,57.95432662963867,61.32720947265625,59.8560791015625,55.01073455810547,49.87425994873047,51.05599594116211,47.84968185424805
2016-12-13,50.424068450927734,46.33949279785156,43.97935104370117,39.75782012939453,38.9576301574707,43.59030532836914,55.36780548095703,69.57130432128906,72.29368591308594,73.25282287597656,70.90850830078125,70.54654693603516,66.39664459228516,66.04203033447266,64.02263641357422,62.256893157958984,62.40306854248047,68.49835205078125,73.16534423828125,71.15966796875,64.27845764160156,58.31498336791992,59.58506774902344,56.41276550292969
2016-12-14,49.93505859375,45.86075210571289,43.643062591552734,40.11379623413086,39.36204528808594,43.263912200927734,54.452266693115234,65.44218444824219,68.8101577758789,70.69265747070312,69.17880249023438,68.57524108886719,64.94932556152344,63.21590805053711,61.537872314453125,59.7759895324707,59.654335021972656,65.862548828125,68.52261352539062,68.6260986328125,63.271453857421875,57.44855880737305,58.11899948120117,54.60595703125
2016-12-15,52.6984977722168,47.915592193603516,45.390380859375,41.32890319824219,40.082733154296875,43.354713439941406,53.120262145996094,63.910614013671875,67.46754455566406,68.42903137207031,67.11228942871094,66.5914306640625,62.66176223754883,60.925758361816406,58.429443359375,57.27546310424805,57.568824768066406,64.84000396728516,69.08549499511719,68.23480987548828,63.737876892089844,58.183040618896484,58.839725494384766,55.46357727050781
2016-12-16,54.020599365234375,49.2757568359375,46.4361572265625,42.830909729003906,41.095558166503906,45.51484680175781,55.35279846191406,65.8562240600586,69.0472183227539,71.2598648071289,71.184814453125,70.95404052734375,66.13641357421875,63.85597229003906,61.354129791259766,60.112831115722656,60.69194030761719,67.58586883544922,71.9505615234375,70.66438293457031,66.4979248046875,60.6182861328125,60.730369567871094,58.4075927734375
2016-12-17,48.14381408691406,43.86769104003906,41.981040954589844,38.244178771972656,36.80170440673828,38.91061019897461,46.465538024902344,54.643672943115234,57.326255798339844,60.15949630737305,59.87666320800781,59.89387512207031,57.389278411865234,53.97557830810547,52.080257415771484,49.74118423461914,50.30073547363281,57.20805740356445,61.9399528503418,61.875640869140625,58.17791748046875,52.96303939819336,54.1174430847168,51.79158401489258
2016-12-18,41.10456848144531,37.17235565185547,35.29138946533203,32.59404754638672,31.58063507080078,33.428749084472656,38.77909851074219,46.03379821777344,48.82619094848633,51.10862731933594,51.12803649902344,51.53650665283203,49.11130142211914,46.68638229370117,44.37257766723633,42.603248596191406,43.04689407348633,48.77383041381836,52.42597198486328,53.55030059814453,50.32181167602539,46.4539680480957,48.02478790283203,45.06021499633789
2016-12-19,44.04633712768555,40.478782653808594,38.247650146484375,34.39794158935547,34.260475158691406,38.62225341796875,49.55501174926758,62.94257354736328,65.86782836914062,66.66472625732422,64.76978302001953,64.03715515136719,60.23040008544922,58.743465423583984,57.688446044921875,56.041263580322266,57.03972625732422,63.92140197753906,66.30403900146484,64.463623046875,58.61077880859375,52.30868148803711,53.64360046386719,50.48517990112305
2016-12-20,55.338600158691406,50.844154357910156,47.847023010253906,43.228782653808594,42.92043685913086,47.97004699707031,62.91270446777344,77.38168334960938,78.9075927734375,80.76618957519531,78.01579284667969,76.32170867919922,71.66928100585938,70.81896209716797,69.13996887207031,69.3851547241211,67.88948822021484,75.9052963256836,81.2674789428711,77.33385467529297,70.43538665771484,62.081504821777344,62.40358352661133,60.95022201538086
2016-12-21,56.01448059082031,52.19908142089844,49.52667236328125,44.52293395996094,44.50267028808594,50.472103118896484,63.35688781738281,75.80795288085938,80.00111389160156,81.56698608398438,78.27733612060547,76.74867248535156,72.96672821044922,71.45217895507812,69.6265869140625,68.28472900390625,67.53802490234375,76.42512512207031,81.67343139648438,77.42484283447266,70.00743103027344,63.790809631347656,63.06214141845703,61.7213020324707
2016-12-22,53.20906448364258,49.452274322509766,46.16524124145508,41.954139709472656,40.58343505859375,44.81511688232422,56.030372619628906,67.02430725097656,71.46202087402344,72.95270538330078,71.33712005615234,70.13594055175781,66.58086395263672,65.26580810546875,63.257911682128906,62.01525115966797,62.292423248291016,68.83028411865234,72.00959014892578,71.38337707519531,64.46968841552734,58.68603515625,58.147151947021484,56.38826370239258
2016-12-23,48.980064392089844,44.941322326660156,42.59199905395508,39.340057373046875,38.140830993652344,41.97254180908203,52.299072265625,63.857208251953125,67.21966552734375,68.76180267333984,67.06416320800781,66.38069152832031,62.246337890625,60.94227981567383,59.36870574951172,57.55803680419922,57.771278381347656,64.5562973022461,67.89747619628906,66.42407989501953,61.778289794921875,55.97169876098633,56.74961853027344,53.711517333984375
2016-12-24,37.99009704589844,34.240501403808594,32.35249710083008,30.14399528503418,29.193443298339844,30.683765411376953,35.4364128112793,42.06182098388672,44.88754653930664,47.34404754638672,47.238704681396484,47.42728042602539,45.513362884521484,43.100223541259766,40.80373764038086,39.03826141357422,39.45484924316406,44.55875778198242,48.48198699951172,49.39340591430664,47.053443908691406,43.802223205566406,45.215476989746094,42.26591873168945
2016-12-25,38.341373443603516,34.577266693115234,32.749610900878906,30.556110382080078,29.35953140258789,30.512691497802734,33.93626403808594,39.49605941772461,41.952064514160156,44.88919448852539,45.16161346435547,45.46971893310547,43.84929275512695,41.274696350097656,38.55793380737305,36.742332458496094,37.29791259765625,42.2416877746582,46.41080093383789,47.92164993286133,46.23705291748047,43.371925354003906,44.798118591308594,41.789859771728516
2016-12-26,33.59466552734375,30.50742530822754,28.891651153564453,26.507062911987305,26.482830047607422,29.363876342773438,38.411285400390625,48.94927215576172,51.532928466796875,52.2665901184082,50.71177291870117,50.332275390625,47.79365539550781,46.648414611816406,45.5361442565918,43.89972686767578,44.402008056640625,49.474979400634766,52.38539123535156,51.63161087036133,47.31285095214844,42.950218200683594,43.88277816772461,41.10710144042969
2016-12-27,38.19905471801758,34.6473388671875,32.64934539794922,30.010196685791016,29.73168182373047,32.73326873779297,41.579097747802734,52.368370056152344,55.120140075683594,56.359893798828125,54.718345642089844,54.407535552978516,51.43614959716797,50.25243377685547,48.951053619384766,47.401214599609375,47.993927001953125,53.45345687866211,56.83855438232422,55.41616439819336,51.20947265625,46.106327056884766,47.4532470703125,44.429771423339844
2016-12-28,43.67823791503906,39.67074966430664,38.11855697631836,35.08641815185547,34.318397521972656,37.227657318115234,45.89373016357422,56.46348571777344,58.737125396728516,60.16651153564453,59.354373931884766,58.46741485595703,55.37812805175781,53.941139221191406,52.4183464050293,50.8369255065918,50.858055114746094,57.23284149169922,60.68933868408203,60.056358337402344,56.02888107299805,50.642242431640625,52.05836868286133,49.1843376159668
2016-12-29,44.478797912597656,40.09389114379883,37.97650909423828,34.57875061035156,34.16062927246094,37.7461051940918,46.65824508666992,56.88587188720703,59.8154182434082,62.006797790527344,60.45281982421875,59.92891311645508,57.251739501953125,55.14186096191406,53.28880310058594,51.894100189208984,52.33369445800781,58.4428825378418,62.467529296875,61.12134552001953,56.73955154418945,51.58099365234375,52.960086822509766,49.70800018310547
2016-12-30,40.89904022216797,37.29130935668945,35.258209228515625,32.61024475097656,31.933509826660156,34.46736145019531,41.7237663269043,50.5880241394043,53.296661376953125,55.46281433105469,54.59080123901367,54.612060546875,51.8168830871582,49.75020217895508,47.660552978515625,46.13212203979492,46.51395797729492,52.79151153564453,56.41223907470703,56.20445251464844,52.79179382324219,48.01598358154297,49.44902801513672,46.46136474609375
2016-12-31,45.17344665527344,40.97687530517578,38.643985748291016,36.12003707885742,34.98084259033203,37.388336181640625,43.33702087402344,51.48002243041992,54.53134536743164,56.85273742675781,56.24000930786133,56.19225311279297,53.285926818847656,51.11275100708008,49.39562225341797,47.205162048339844,47.70098876953125,54.01263427734375,57.63710403442383,58.01866149902344,54.6380500793457,50.46918487548828,51.6266975402832,48.436920166015625
